Année 2017 - services de police,Départements,01,01,01,01,02,02,02,02,02,03,03,03,04,04,05,05,05,05,06,06,06,06,06,06,06,06,06,06,06,06,07,07,07,08,08,09,09,10,11,11,11,11,12,12,12,13,13,13,13,13,13,13,13,13,13,13,13,13,13,13,13,13,13,13,13,13,13,13,13,14,14,14,14,14,14,15,16,16,17,17,17,17,18,18,18,19,19,19,21,21,21,21,21,22,22,23,24,24,24,25,25,25,25,25,25,26,26,26,26,27,27,27,28,28,29,29,29,29,2A,2A,2A,2A,2A,2B,2B,2B,2B,2B,30,30,30,30,30,30,30,31,31,31,31,31,31,31,32,33,33,33,33,33,33,33,34,34,34,34,34,34,34,34,35,35,35,35,35,35,35,35,35,35,36,37,37,38,38,38,38,38,38,38,39,39,40,40,41,41,42,42,42,42,42,42,43,44,44,44,44,44,44,45,45,45,45,45,46,47,47,48,49,49,49,49,50,50,50,50,50,50,51,51,51,51,52,52,53,54,54,54,54,54,54,54,54,54,54,54,54,54,55,55,56,56,57,57,57,57,57,57,57,57,57,57,57,57,57,58,59,59,59,59,59,59,59,59,59,59,59,59,59,59,59,59,59,59,60,60,60,60,60,60,61,61,61,62,62,62,62,62,62,62,62,62,62,62,62,62,62,62,62,62,62,63,63,63,63,63,63,63,63,64,64,64,64,64,64,64,64,64,64,65,65,66,66,66,66,66,66,66,66,67,67,67,67,67,67,67,67,67,68,68,68,68,68,68,68,69,69,69,69,69,69,69,69,69,69,69,69,69,69,69,69,70,70,71,71,71,71,72,73,73,73,73,73,73,74,74,74,74,74,74,74,75,75,75,75,75,75,75,75,75,75,75,75,75,75,75,75,75,75,75,75,75,75,75,75,75,75,75,75,75,75,75,75,75,75,75,75,75,75,75,75,75,75,75,75,75,75,75,75,75,75,76,76,76,76,76,76,76,76,76,76,76,77,77,77,77,77,77,77,77,77,77,77,77,77,77,77,77,77,77,77,78,78,78,78,78,78,78,78,78,78,78,78,78,78,78,78,78,78,79,79,80,80,80,81,81,81,81,82,82,83,83,83,83,83,83,83,83,83,83,84,84,84,84,84,84,85,85,86,86,86,87,87,87,88,88,88,89,89,90,91,91,91,91,91,91,91,91,91,91,91,91,91,91,91,91,91,92,92,92,92,92,92,92,92,92,92,92,92,92,92,92,92,92,92,92,92,92,92,92,92,92,92,92,92,92,92,92,92,92,92,92,92,92,92,92,92,92,92,93,93,93,93,93,93,93,93,93,93,93,93,93,93,93,93,93,93,93,93,93,93,93,93,93,93,93,93,94,94,94,94,94,94,94,94,94,94,94,94,94,94,94,94,94,94,94,94,94,94,94,95,95,95,95,95,95,95,95,95,95,95,95,95,95,971,971,971,971,971,971,971,971,971,971,972,972,972,972,972,973,973,973,973,973,974,974,974,974,974,974,974,976,976,976,987,987,987,988,988,988
,Périmètres,DCPAF,DCPAF,DCSP,DCSP,DCSP,DCSP,DCSP,DCSP,DCSP,DCSP,DCSP,DCSP,DCSP,DCSP,DCPAF,DCPAF,DCSP,DCSP,DCPAF,DCPAF,DCPAF,DCPAF,DCPAF,DCPJ,DCSP,DCSP,DCSP,DCSP,DCSP,DCSP,DCSP,DCSP,DCSP,DCSP,DCSP,DCSP,DCSP,DCSP,DCPAF,DCPAF,DCSP,DCSP,DCSP,DCSP,DCSP,DCCRS,DCPAF,DCPAF,DCPAF,DCPAF,DCPAF,DCPAF,DCPAF,DCPJ,DCPJ,DCSP,DCSP,DCSP,DCSP,DCSP,DCSP,DCSP,DCSP,DCSP,DCSP,DCSP,DCSP,DCSP,DCSP,DCPAF,DCSP,DCSP,DCSP,DCSP,DCSP,DCSP,DCSP,DCSP,DCSP,DCSP,DCSP,DCSP,DCSP,DCSP,DCSP,DCSP,DCSP,DCSP,DCPAF,DCPAF,DCPJ,DCSP,DCSP,DCSP,DCSP,DCSP,DCPJ,DCSP,DCSP,DCPAF,DCPAF,DCPAF,DCSP,DCSP,DCSP,DCPJ,DCSP,DCSP,DCSP,DCSP,DCSP,DCSP,DCSP,DCSP,DCSP,DCSP,DCSP,DCSP,DCPAF,DCPAF,DCPAF,DCPJ,DCSP,DCPAF,DCPAF,DCPAF,DCPAF,DCSP,DCPAF,DCPAF,DCPAF,DCPJ,DCSP,DCSP,DCSP,DCPAF,DCPAF,DCPAF,DCPAF,DCPJ,DCSP,DCSP,DCSP,DCCRS,DCPAF,DCPAF,DCPAF,DCPJ,DCSP,DCSP,DCPAF,DCPAF,DCPAF,DCPJ,DCSP,DCSP,DCSP,DCSP,DCPAF,DCPAF,DCPAF,DCPAF,DCPAF,DCPAF,DCPJ,DCSP,DCSP,DCSP,DCSP,DCPJ,DCSP,DCCRS,DCPAF,DCPJ,DCSP,DCSP,DCSP,DCSP,DCSP,DCSP,DCSP,DCSP,DCSP,DCSP,DCCRS,DCPJ,DCSP,DCSP,DCSP,DCSP,DCSP,DCPAF,DCPAF,DCPAF,DCSP,DCSP,DCSP,DCPAF,DCPAF,DCPJ,DCSP,DCSP,DCSP,DCSP,DCSP,DCSP,DCPJ,DCSP,DCSP,DCSP,DCPAF,DCPAF,DCSP,DCSP,DCSP,DCSP,DCPJ,DCSP,DCSP,DCSP,DCSP,DCSP,DCSP,DCCRS,DCPAF,DCPAF,DCPJ,DCSP,DCSP,DCSP,DCSP,DCSP,DCSP,DCSP,DCSP,DCSP,DCSP,DCSP,DCSP,DCSP,DCCRS,DCPAF,DCPAF,DCPAF,DCPAF,DCPAF,DCSP,DCSP,DCSP,DCSP,DCSP,DCSP,DCSP,DCSP,DCCRS,DCCRS,DCPAF,DCPAF,DCPAF,DCPAF,DCPAF,DCPJ,DCSP,DCSP,DCSP,DCSP,DCSP,DCSP,DCSP,DCSP,DCSP,DCSP,DCPAF,DCPAF,DCPJ,DCSP,DCSP,DCSP,DCSP,DCSP,DCSP,DCPAF,DCPAF,DCPAF,DCPAF,DCPJ,DCSP,DCSP,DCSP,DCSP,DCSP,DCSP,DCSP,DCSP,DCSP,DCSP,DCSP,DCSP,DCSP,DCPAF,DCPAF,DCPAF,DCPJ,DCSP,DCSP,DCSP,DCSP,DCPAF,DCPAF,DCPAF,DCPAF,DCPJ,DCPJ,DCSP,DCSP,DCSP,DCSP,DCSP,DCSP,DCPAF,DCPAF,DCPAF,DCPAF,DCPAF,DCPAF,DCPJ,DCSP,DCCRS,DCPAF,DCPAF,DCPAF,DCPAF,DCPJ,DCSP,DCSP,DCSP,DCPAF,DCPAF,DCPAF,DCSP,DCSP,DCSP,DCSP,DCCRS,DCPAF,DCPAF,DCPAF,DCPAF,DCPAF,DCPJ,DCPJ,DCPJ,DCSP,DCSP,DCSP,DCSP,DCSP,DCSP,DCSP,DCSP,DCSP,DCSP,DCSP,DCSP,DCSP,DCSP,DCPAF,DCPAF,DCPAF,DCSP,DCSP,DCSP,DCPAF,DCPAF,DCPAF,DCPJ,DCSP,DCSP,DCSP,DCPAF,DIRECTION ORDRE PUBLIC ET CIRCULATION,DIRECTION ORDRE PUBLIC ET CIRCULATION,DIRECTION ORDRE PUBLIC ET CIRCULATION,DIRECTION ORDRE PUBLIC ET CIRCULATION,DIRECTION ORDRE PUBLIC ET CIRCULATION,DIRECTION REGIONALE PJ PARIS,DIRECTION REGIONALE PJ PARIS,DIRECTION REGIONALE PJ PARIS,DIRECTION REGIONALE PJ PARIS,DIRECTION REGIONALE PJ PARIS,DIRECTION REGIONALE PJ PARIS,DIRECTION REGIONALE PJ PARIS,DIRECTION REGIONALE PJ PARIS,DIRECTION REGIONALE PJ PARIS,DIRECTION REGIONALE PJ PARIS,DIRECTION REGIONALE PJ PARIS,DIRECTION REGIONALE PJ PARIS,DIRECTION REGIONALE PJ PARIS,DIRECTION REGIONALE PJ PARIS,DIRECTION REGIONALE PJ PARIS,DIRECTION REGIONALE PJ PARIS,DIRECTION SERVICES TECHN ET LOGISTIQUES,DSPAP,DSPAP,DSPAP,DSPAP,DSPAP,DSPAP,DSPAP,DSPAP,DSPAP,DSPAP,DSPAP,DSPAP,DSPAP,DSPAP,DSPAP,DSPAP,DSPAP,DSPAP,DSPAP,DSPAP,DSPAP,DSPAP,DSPAP,DSPAP,DSPAP,DSPAP,DSPAP,DCPAF,DCPAF,DCPAF,DCPAF,DCPJ,DCPJ,DCSP,DCSP,DCSP,DCSP,DCSP,DCCRS,DCPAF,DCPAF,DCSP,DCSP,DCSP,DCSP,DCSP,DCSP,DCSP,DCSP,DCSP,DCSP,DCSP,DCSP,DCSP,DCSP,DCSP,DCSP,DCPAF,DCPJ,DCSP,DCSP,DCSP,DCSP,DCSP,DCSP,DCSP,DCSP,DCSP,DCSP,DCSP,DCSP,DCSP,DCSP,DCSP,DCSP,DCSP,DCSP,DCPJ,DCSP,DCSP,DCSP,DCSP,DCSP,DCSP,DCSP,DCSP,DCCRS,DCPAF,DCPAF,DCPJ,DCSP,DCSP,DCSP,DCSP,DCSP,DCSP,DCPAF,DCPJ,DCSP,DCSP,DCSP,DCSP,DCSP,DCSP,DCPJ,DCSP,DCSP,DCPAF,DCPJ,DCSP,DCSP,DCSP,DCSP,DCSP,DCSP,DCSP,DCCRS,DCPAF,DCSP,DCSP,DCSP,DCSP,DCSP,DCSP,DCSP,DCSP,DCSP,DCSP,DCSP,DCSP,DCSP,DCSP,DCSP,DCCRS,DCPJ,DCPJ,DCPJ,DCPJ,DCPJ,DCPJ,DCPJ,DCPJ,DCPJ,DCPJ,DCPJ,DCPJ,DIRECTION REGIONALE PJ PARIS,DIRECTION REGIONALE PJ PARIS,DSPAP,DSPAP,DSPAP,DSPAP,DSPAP,DSPAP,DSPAP,DSPAP,DSPAP,DSPAP,DSPAP,DSPAP,DSPAP,DSPAP,DSPAP,DSPAP,DSPAP,DSPAP,DSPAP,DSPAP,DSPAP,DSPAP,DSPAP,DSPAP,DSPAP,DSPAP,DSPAP,DCPAF,DIRECTION ORDRE PUBLIC ET CIRCULATION,DIRECTION REGIONALE PJ PARIS,DIRECTION REGIONALE PJ PARIS,DSPAP,DSPAP,DSPAP,DSPAP,DSPAP,DSPAP,DSPAP,DSPAP,DSPAP,DSPAP,DSPAP,DSPAP,DSPAP,DSPAP,DSPAP,DSPAP,DSPAP,DSPAP,DSPAP,DSPAP,DSPAP,DSPAP,DSPAP,DSPAP,DCPAF,DIRECTION ORDRE PUBLIC ET CIRCULATION,DIRECTION REGIONALE PJ PARIS,DIRECTION REGIONALE PJ PARIS,DSPAP,DSPAP,DSPAP,DSPAP,DSPAP,DSPAP,DSPAP,DSPAP,DSPAP,DSPAP,DSPAP,DSPAP,DSPAP,DSPAP,DSPAP,DSPAP,DSPAP,DSPAP,DSPAP,DCCRS,DCPAF,DCPAF,DCPAF,DCSP,DCSP,DCSP,DCSP,DCSP,DCSP,DCSP,DCSP,DCSP,DCSP,DCPAF,DCPAF,DCPAF,DCPAF,DCPAF,DCPAF,DCPJ,DCSP,DCSP,DCSP,DCPAF,DCPAF,DCPJ,DCSP,DCSP,DCPAF,DCPAF,DCPAF,DCPAF,DCSP,DCPAF,DCPAF,DCPAF,DCSP,DCSP,DCSP,DCSP,DCPAF,DCPAF,DCSP,DCPAF,DCPAF,DCSP,DCPAF,DCPAF,DCSP
Code index,Libellé index \ CSP,BMRA 01,SPAFT PREVESSIN,CIAT DE BOURG EN BRESSE,CIAT D'OYONNAX,CIAT DE CHATEAU THIERRY,CIAT DE LAON,CIAT DE SOISSONS,CIAT DE ST QUENTIN,CIAT DE TERGNIER LA FERE,CIAT DE MONTLUCON,CIAT DE MOULINS,CIAT DE VICHY,CIAT DE DIGNE,CIAT DE MANOSQUE,BMRA 05,SPAFT MONTGENEVRE,CIAT DE BRIANCON,CIAT DE GAP,BMRA 06,SPAFA NICE COTE D'AZUR,SPAFT MENTON,UJI CANNES,UJI NICE,ANTENNE PJ DE NICE,CIAT CENTRAL DE NICE,CIAT D'ANTIBES,CIAT DE CAGNES SUR MER,CIAT DE CANNES,CIAT DE GRASSE,CIAT DE MENTON,CIAT D'AUBENAS,CIAT DE GUILHERAND GRANGES,CIAT DE PRIVAS,CIAT DE CHARLEVILLE MEZIERES,CIAT DE SEDAN,CIAT DE FOIX,CIAT DE PAMIERS,CIAT CENTRAL DE TROYES,BMRA 11,SPAFT PORT LA NOUVELLE,CIAT DE CARCASSONNE,CIAT DE NARBONNE,CIAT DE DECAZEVILLE,CIAT DE MILLAU,CIAT DE RODEZ,CRS AUTO PROVENCE MARSEILLE,BCFZ SUD,BMRZ SUD,CRA MARSEILLE CANET,SPAFA MARSEILLE PROVENCE,SPAFP MARSEILLE,UJI MARSEILLE,USG 13,GIR PROVENCE ALPES COTE D'AZUR,SRPJ DE MARSEILLE,CIAT D'AIX EN PROVENCE,CIAT D'ARLES,CIAT D'AUBAGNE,CIAT DE LA CIOTAT,CIAT DE MARIGNANE,CIAT DE MARTIGUES,CIAT DE SALON DE PROVENCE,CIAT DE VITROLLES,CIAT D'ISTRES,CISP DE TARASCON BEAUCAIRE,DSP MARSEILLE CENTRE,DSP MARSEILLE NORD,DSP MARSEILLE SUD,SURETE DEPARTEMENTALE DES BOUCHES DU RHO,BMRA 14,CIAT CENTRAL DE CAEN,CIAT DE DEAUVILLE,CIAT DE DIVES SUR MER,CIAT DE HONFLEUR,CIAT DE LISIEUX,CIAT D'AURILLAC,CIAT CENTRAL D'ANGOULEME,CIAT DE COGNAC,CIAT CENTRAL DE LA ROCHELLE,CIAT DE ROCHEFORT,CIAT DE ROYAN,CIAT DE SAINTES,CIAT CENTRAL DE BOURGES,CIAT DE VIERZON,DDSP DU CHER,CIAT DE BRIVE,CIAT DE TULLE,CIAT D'USSEL,BMRA 21,SPAFT DIJON,DIPJ DE DIJON,CIAT CENTRAL DE DIJON,CIAT DE BEAUNE,CIAT DE LANNION,CIAT DE ST BRIEUC,CIAT DE GUERET,ANTENNE PJ DE PERIGUEUX,CIAT DE BERGERAC,CIAT DE PERIGUEUX,BMRA 25,SPAFT PONTARLIER,UTE MONTBELIARD,CIAT CENTRAL DE BESANCON,CIAT DE PONTARLIER,CISP MONTBELIARD,ANTENNE PJ DE VALENCE,CIAT CENTRAL DE VALENCE,CIAT DE MONTELIMAR,CIAT DE ROMANS,CIAT DE VAL DE REUIL,CIAT DE VERNON,CIAT D'EVREUX,CIAT DE CHARTRES,CIAT DE DREUX,CIAT CENTRAL DE BREST,CIAT DE CONCARNEAU,CIAT DE MORLAIX,CIAT DE QUIMPER,BMRA 2A,SPAFA AJACCIO CAMPO DELL ORO,SPAFA BONIFACIO FIGARI,DRPJ D'AJACCIO,CIAT CENTRAL D'AJACCIO,BMRA 2B,SPAFA BASTIA PORETTA,SPAFA CALVI,SPAFT BASTIA,CIAT DE BASTIA,BMRA 30,CRA NIMES,SPAFT NIMES,ANTENNE PJ DE NIMES,CIAT CENTRAL DE NIMES,CIAT D'ALES,CIAT DE BAGNOLS SUR CEZE,BMRA 31,CRA TOULOUSE,DZPAF BPA TOULOUSE,SPAFA TOULOUSE BLAGNAC,SRPJ DE TOULOUSE,CIAT CENTRAL DE TOULOUSE,CIAT DE ST GAUDENS,CIAT D'AUCH,CRS AUTO AQUITAINE BORDEAUX CENON,BCFZ SUD OUEST,BMRZ SUD OUEST,SPAFA BORDEAUX MERIGNAC,SRPJ DE BORDEAUX,CIAT CENTRAL DE BORDEAUX,CIAT D'ARCACHON,BMRA 34,SPAFP SETE,UJI MONTPELLIER,SRPJ DE MONTPELLIER,CIAT CENTRAL DE MONTPELLIER,CIAT D'AGDE,CIAT DE BEZIERS,CIAT DE SETE,BCFZ OUEST,BMRZ OUEST,DZPAF BPA RENNES,DZPAF CRA RENNES,SPAFA SAINT MALO,USG 35,SRPJ DE RENNES,CIAT CENTRAL DE RENNES,CIAT DE FOUGERES,CIAT DE ST MALO,CIAT DE CHATEAUROUX,ANTENNE PJ DE TOURS,CIAT CENTRAL DE TOURS,CRS ALPES GRENOBLE,BMRA 38,ANTENNE PJ DE GRENOBLE,CIAT CENTRAL DE GRENOBLE,CIAT DE BOURGOIN JALLIEU,CIAT DE VIENNE,CIAT DE VOIRON,CIAT DE DOLE,CIAT DE LONS LE SAUNIER,CIAT DE DAX,CIAT DE MONT DE MARSAN,CIAT DE BLOIS,CIAT DE VENDOME,CRS AUTO R A A DETACHEMENT ST ETIENNE,ANTENNE PJ DE ST ETIENNE,CIAT CENTRAL DE ST ETIENNE,CIAT DE ROANNE,CIAT D'ONDAINE,CIAT DU GIER,CIAT LE PUY EN VELAY,BMRA 44,SPAFA NANTES ATLANTIQUE,USG 44,CIAT CENTRAL DE NANTES,CIAT DE LA BAULE,CIAT DE ST NAZAIRE,BMRA 45,SPAFT ORLEANS,SRPJ D'ORLEANS,CIAT CENTRAL D'ORLEANS,CIAT DE MONTARGIS,CIAT DE CAHORS,CIAT D'AGEN,CIAT DE VILLENEUVE SUR LOT,CIAT DE MENDE,SRPJ D'ANGERS,CIAT CENTRAL D'ANGERS,CIAT DE CHOLET,CIAT DE SAUMUR,BMRA 50,SPAFP CHERBOURG,CIAT DE CHERBOURG,CIAT DE COUTANCES,CIAT DE GRANVILLE,CIAT DE ST LO,SRPJ DE REIMS,CIAT CENTRAL DE REIMS,CIAT DE CHALONS EN CHAMPAGNE,CIAT D'EPERNAY,CIAT DE CHAUMONT,CIAT DE ST DIZIER,CIAT DE LAVAL,CRS AUTO LORRAINE ALSACE DET NANCY,BMRA 54,SPAFT MONT SAINT MARTIN,SRPJ DE NANCY,CIAT CENTRAL DE NANCY,CIAT DE BRIEY,CIAT DE CONFLANS EN JARNISY,CIAT DE DOMBASLE,CIAT DE LONGWY,CIAT DE LUNEVILLE,CIAT DE PONT A MOUSSON,CIAT DE TOUL,CIAT DE VILLERUPT,CIAT DE BAR LE DUC,CIAT DE VERDUN,CIAT DE LORIENT,CIAT DE VANNES,CRS AUTO LORRAINE ALSACE CHATELSTGERMAIN,BCFZ EST,BMRZ EST,SPAFT FORBACH,SPAFT METZ,SPAFT THIONVILLE,CIAT CENTRAL DE METZ,CIAT DE FORBACH,CIAT DE FREYMING MERLEBACH,CIAT DE SARREBOURG,CIAT DE SARREGUEMINES,CIAT DE THIONVILLE,CIAT D'HAGONDANGE,CIAT DE NEVERS,CRS AUTO NORD PDC DET ST OMER,CRS AUTO NORD PDC LILLE LAMBERSART,BCFZ NORD,BMRZ NORD,SPAFP DUNKERQUE,SPAFT LILLE,UJI VALENCIENNES,DIPJ DE LILLE,CSP DE CAMBRAI,CSP DE DOUAI AGGLOMERATION,CSP DE DUNKERQUE AGGLOMERATION,CSP DE MAUBEUGE AGGLOMERATION,CSP DE VALENCIENNES AGGLOMERATION,CSP D'HAZEBROUCK,DSP D'ARMENTIERES,DSP DE LILLE,DSP DE ROUBAIX,DSP DE TOURCOING,BMRA 60,SPAFA BEAUVAIS TILLE,ANTENNE PJ DE CREIL,CIAT DE BEAUVAIS,CIAT DE COMPIEGNE,CIAT DE CREIL,CIAT D'ALENCON,CIAT D'ARGENTAN,CIAT DE FLERS,BMRA 62,CRA COQUELLES,SPAFP CALAIS,USG 62,ANTENNE PJ DE COQUELLES,CIAT D'ARRAS,CIAT D'AUCHEL,CIAT D'AVION,CIAT DE BERCK,CIAT DE BETHUNE,CIAT DE BOULOGNE SUR MER,CIAT DE BRUAY LA BUISSIERE,CIAT DE CALAIS,CIAT DE LENS,CIAT DE MARLES LES MINES,CIAT DE NOEUX LES MINES,CIAT DE ST OMER,CIAT DU TOUQUET,BMRA 63,DIDPAF CLERMONT FERRAND 63,SPAFA AULNAT,SRPJ DE CLERMONT FERRAND,CIAT CENTRAL DE CLERMONT FERRAND,CIAT DE COURNON D'AUVERGNE,CIAT DE GERZAT,CIAT DE RIOM,BMRA 64,SPAFA BIARRITZ,SPAFT HENDAYE DANCHARIA,UJI PAU,ANTENNE PJ DE BAYONNE,ANTENNE PJ DE PAU,CIAT CENTRAL DE PAU,CIAT DE BAYONNE,CIAT DE BIARRITZ,CIAT DE ST JEAN DE LUZ,CIAT DE LOURDES,CIAT DE TARBES,BCFA PERPIGNAN,BMRA 66,CRA PERPIGNAN,SPAFT CERBERE,SPAFT LE PERTHUS,SPAFT PERPIGNAN,ANTENNE PJ DE PERPIGNAN,CIAT CENTRAL DE PERPIGNAN,CRS AUTO LORRAINE ALSACE DET STRASBOURG,BMRA 67,SPAFA STRASBOURG ENTZHEIM,SPAFT STRASBOURG,UTE LAUTERBOURG,SRPJ DE STRASBOURG,CIAT CENTRAL DE STRASBOURG,CIAT DE SELESTAT,CIAT D'HAGUENAU,BMRA 68,SPAFA BALE MULHOUSE,SPAFT ST LOUIS,CIAT CENTRAL DE MULHOUSE,CIAT DE COLMAR,CIAT DE ST LOUIS,CIAT DE WITTENHEIM,CRS AUTO RHONE ALPES AUVERGNE LYON,BCFZ SUD EST,BMRZ SUD EST,CRA LYON SAINT EXUPERY,SPAFA LYON SAINT EXUPERY,SPAFT LYON,GIR RHONE ALPES,SECTION DES FICHIERS DE PROCEDURE,SRPJ DE LYON,CIAT DE GIVORS,CIAT DE VILLEFRANCHE SUR SAONE,DSP LYON CENTRE,DSP LYON EST,DSP LYON OUEST,LYON AGGLOMERATION,SURETE DEPARTEMENTALE DU RHONE,CIAT DE VESOUL,CS HERICOURT,CIAT DE CHALON SUR SAONE,CIAT DE MACON,CIAT DE MONTCEAU LES MINES,CIAT DU CREUSOT,CIAT CENTRAL DU MANS,BMRA 73,SPAFT CHAMBERY,SPAFT MODANE,CIAT D'AIX LES BAINS,CIAT D'ALBERTVILLE,CIAT DE CHAMBERY,BMRA 74,SPAFT CHAMONIX,SPAFT GAILLARD,ANTENNE PJ D'ANNECY,CIAT CENTRAL D'ANNECY,CIAT D'ANNEMASSE,CIAT DU LEMAN,DCPAF BCF,2EME DISTRICT,DIVISION REGIONALE SECURITE ROUTIERE,DIV REGIONALE MOTOCYCLISTE,SERVICE DE CIRCULATION DU PERIPHERIQUE,SERVICE DES COMPAGNIES MOTOCYCLISTES 75,1ER DISTRICT DE POLICE JUDICIAIRE,2EME DISTRICT DE POLICE JUDICIAIRE,3EME DISTRICT DE POLICE JUDICIAIRE,BRIGADE CRIMINELLE,BRIGADE DE LA DELINQUANCE ASTUCIEUSE,BRIGADE DE LA DELINQUANCE DE LA PERSONNE,BRIGADE DE LA DELINQUANCE ECONOMIQUE,BRIGADE DE PROTECTION DES MINEURS,BRIGADE DE REPRESSION DU BANDITISME,BRIGADE DE REPRESSION DU PROXENETISME,BRIGADE DES INVESTIGATIONS FINANCIERES,BRIGADE DES STUPEFIANTS,BRIGADE EXECUTION DECISIONS DE JUSTICE,BRIGADE FINANCIERE,BRIGADE FRAUDES AUX MOYENS DE PAIEMENT,BRIGADE FRAUDES TECHNOLOGIES DE L'INFO,UNITE DES CONTROLES TECHNIQUES,BRF SURETE REGIONALE DES TRANSPORTS,DCFM SDLII DSPAP,DCO SDLII DSPAP,DTSP75 01ER ARRONDISSEMENT,DTSP75 02EME ARRONDISSEMENT,DTSP75 03EME ARRONDISSEMENT,DTSP75 04EME ARRONDISSEMENT,DTSP75 05EME ET 06EME ARRONDISSEMENTS,DTSP75 07EME ARRONDISSEMENT,DTSP75 08EME ARRONDISSEMENT,DTSP75 09EME ARRONDISSEMENT,DTSP75 10EME ARRONDISSEMENT,DTSP75 11EME ARRONDISSEMENT,DTSP75 12EME ARRONDISSEMENT,DTSP75 13EME ARRONDISSEMENT,DTSP75 14EME ARRONDISSEMENT,DTSP75 15EME ARRONDISSEMENT,DTSP75 16EME ARRONDISSEMENT,DTSP75 17EME ARRONDISSEMENT,DTSP75 18EME ARRONDISSEMENT,DTSP75 19EME ARRONDISSEMENT,DTSP75 20EME ARRONDISSEMENT,DTSP75 STC,DTSP75 SURETE TERRITORIALE,SERVICE DEONTOLOGIE SYNTHESE EVALUATION,STADE DSPAP,STJA SDPIT DSPAP,BMRA 76,CRA OISSEL,SPAFP LE HAVRE,SPAFT ROUEN,GIR HAUTE NORMANDIE,SRPJ DE ROUEN,CIAT CENTRAL DE ROUEN,CIAT DE BOLBEC,CIAT DE DIEPPE,CIAT DE FECAMP,CIAT DU HAVRE,CRS AUTO EST IDF LAGNY SUR MARNE,BMRT 77,DCPAF OCRIEST,CIAT CENTRAL DE MELUN VAL DE SEINE,CIAT DE CHELLES,CIAT DE CHESSY,CIAT DE COULOMMIERS,CIAT DE FONTAINEBLEAU,CIAT DE LAGNY,CIAT DE MEAUX,CIAT DE MOISSY CRAMAYEL,CIAT DE MONTEREAU FAULT YONNE,CIAT DE MORET SUR LOING,CIAT DE NEMOURS,CIAT DE NOISIEL,CIAT DE PONTAULT COMBAULT,CIAT DE PROVINS,CIAT DE VILLEPARISIS,SURETE DEPARTEMENTALE DE SEINE ET MARNE,BMRT 78,DRPJ DE VERSAILLES,CIAT CENTRAL DE VERSAILLES,CIAT DE CONFLANS STE HONORINE,CIAT DE FONTENAY LE FLEURY,CIAT D'ELANCOURT,CIAT DE MANTES LA JOLIE,CIAT DE MARLY LE ROI,CIAT DE PLAISIR,CIAT DE POISSY,CIAT DE RAMBOUILLET,CIAT DE SARTROUVILLE,CIAT DES MUREAUX,CIAT DE ST GERMAIN EN LAYE,CIAT DE TRAPPES,CIAT DE VELIZY VILLACOUBLAY,CIAT DU VESINET,SURETE DEPARTEMENTALE DES YVELINES,CIAT DE NIORT,CIAT DE THOUARS,ANTENNE PJ D'AMIENS,CIAT D'ABBEVILLE,CIAT D'AMIENS,CIAT D'ALBI,CIAT DE CARMAUX,CIAT DE CASTRES,CIAT DE MAZAMET,CIAT DE CASTELSARRASIN,CIAT DE MONTAUBAN,CRS AUTO PROVENCE DETACHEMENT DE TOULON,BMRA 83,SPAFT TOULON,ANTENNE PJ DE TOULON,CIAT CENTRAL DE TOULON,CIAT DE DRAGUIGNAN,CIAT DE FREJUS ST RAPHAEL,CIAT DE HYERES,CIAT DE LA SEYNE,CIAT DE SANARY,BMRA 84,ANTENNE PJ D'AVIGNON,CIAT DE CARPENTRAS,CIAT DE CAVAILLON,CIAT D'ORANGE,CIRC INTERDEPARTEMENTALE D'AVIGNON,CIAT DE LA ROCHE SUR YON,CIAT DES SABLES D'OLONNE,ANTENNE PJ DE POITIERS LA ROCHELLE,CIAT CENTRAL DE POITIERS,CIAT DE CHATELLERAULT,BMRA 87,SRPJ DE LIMOGES,CIAT CENTRAL DE LIMOGES,CIAT CENTRAL D'EPINAL,CIAT DE REMIREMONT,CIAT DE ST DIE,CIAT D'AUXERRE,CIAT DE SENS,CIAT CENTRAL DE BELFORT,CRS AUTO SUD IDF MASSY,BMRT 91,CIAT D'ARPAJON,CIAT D'ATHIS MONS,CIAT DE BRUNOY,CIAT DE CORBEIL ESSONNES,CIAT DE DRAVEIL,CIAT DE JUVISY SUR ORGE,CIAT DE LONGJUMEAU,CIAT DE MASSY,CIAT DE MONTGERON,CIAT DE PALAISEAU,CIAT DE SAVIGNY SUR ORGE,CIAT DE STE GENEVIEVE DES BOIS,CIAT D'ETAMPES,CIAT D'EVRY,SURETE DEPARTEMENTALE DE L'ESSONNE,CRS AUTO OUEST IDF VAUCRESSON,BNLCOC,OCBC DCPJ5,OCLCIFF,OCLCTIC,OCRFM DCPJ10,OCRGDF DCPJ9,OCRTEH,OCRTIS,OCRVP,OFFICE CENTRAL LUTTE CRIME ORGANISE,SERVICE CENTRAL COURSES ET JEUX,SOUS DIRECTION ANTI TERRORISTE,GPE INTERVENTION REGIONAL 92,SDPJ DES HAUTS DE SEINE,DTSP92 ANTONY,DTSP92 ASNIERES SUR SEINE,DTSP92 BAGNEUX,DTSP92 BOULOGNE BILLANCOURT,DTSP92 CHATENAY MALABRY,DTSP92 CLAMART,DTSP92 CLICHY LA GARENNE,DTSP92 COLOMBES,DTSP92 COURBEVOIE,DTSP92 GENNEVILLIERS,DTSP92 ISSY LES MOULINEAUX,DTSP92 LA DEFENSE,DTSP92 LA GARENNE COLOMBES,DTSP92 LEVALLOIS PERRET,DTSP92 MEUDON,DTSP92 MONTROUGE,DTSP92 NANTERRE,DTSP92 NEUILLY SUR SEINE,DTSP92 PUTEAUX,DTSP92 RUEIL MALMAISON,DTSP92 SEVRES,DTSP92 ST CLOUD,DTSP92 SURESNES,DTSP92 SURETE TERRITORIALE,DTSP92 VANVES,DTSP92 VILLENEUVE LA GARENNE,ULII92 SDLII,SPAF LE BOURGET,CIE TERRITORIALE CIRCU SECU ROUT 93,GPE INTERVENTION REGIONAL 93,SDPJ DE SEINE ST DENIS,DTSP93 AUBERVILLIERS,DTSP93 AULNAY SOUS BOIS,DTSP93 BOBIGNY,DTSP93 BONDY,DTSP93 CLICHY MONTFERMEIL,DTSP93 DRANCY,DTSP93 EPINAY SUR SEINE,DTSP93 GAGNY,DTSP93 LA COURNEUVE,DTSP93 LE BLANC MESNIL,DTSP93 LES LILAS,DTSP93 LIVRY GARGAN,DTSP93 MONTREUIL,DTSP93 NEUILLY SUR MARNE,DTSP93 NOISY LE GRAND,DTSP93 PANTIN,DTSP93 RAINCY,DTSP93 ROSNY SOUS BOIS,DTSP93 STAINS,DTSP93 ST DENIS,DTSP93 ST OUEN,DTSP93 SURETE TERRITORIALE,DTSP93 VILLEPINTE,ULII93 SDLII,DPAF ORLY,CIE TERRITORIALE CIRCU SECU ROUT 94,GPE INTERVENTION REGIONAL 94,SDPJ DU VAL DE MARNE,DTSP94 ALFORTVILLE,DTSP94 BOISSY ST LEGER,DTSP94 CHAMPIGNY SUR MARNE,DTSP94 CHARENTON LE PONT,DTSP94 CHENNEVIERES SUR MARNE,DTSP94 CHOISY LE ROI,DTSP94 CRETEIL,DTSP94 FONTENAY SOUS BOIS,DTSP94 IVRY SUR SEINE,DTSP94 KREMLIN BICETRE,DTSP94 L'HAY LES ROSES,DTSP94 MAISONS ALFORT,DTSP94 NOGENT SUR MARNE,DTSP94 ST MAUR DES FOSSES,DTSP94 SURETE TERRITORIALE,DTSP94 VILLENEUVE ST GEORGES,DTSP94 VINCENNES,DTSP94 VITRY SUR SEINE,ULII94 SDLII,CRS AUTO NORD IDF DEUIL LA BARRE,BMR ROISSY,BMRT 95,ROISSY AEROPORT,CIAT D'ARGENTEUIL,CIAT DE CERGY PONTOISE,CIAT DE DEUIL LA BARRE,CIAT DE GARGES LES GONESSE,CIAT DE GONESSE,CIAT D'ENGHIEN LES BAINS,CIAT D'ERMONT,CIAT DE SARCELLES,CIAT D'HERBLAY,SURETE DEPARTEMENTALE DU VAL D'OISE,DDPAF BMR 971,DDPAF UJI 971 GRANDE TERRE,SPAF BASSE TERRE,SPAF POINTE A PITRE,SPAF POLE CARAIBE,SPAF ST MARTIN,DIPJ DE POINTE A PITRE,CIAT DE BASSE TERRE,CIAT DE CAPESTERRE BELLE EAU,CIAT DE POINTE A PITRE,DDPAF BMR 972,SPAF FORT DE FRANCE LE LAMENTIN,ANTENNE OCRTIS CARAIBE,CIAT DE FORT DE FRANCE,CIAT DU LAMENTIN,DDPAF BMR 973,SPAF CAYENNE FELIX EBOUE ROCHAMBEAU,SPAF SAINT GEORGES DE L'OYAPOCK,SPAF ST LAURENT DU MARONI,CIAT DE CAYENNE,DDPAF BMR 974,SPAF GILLOT,SPAF PIERREFONDS,CIAT DE ST ANDRE,CIAT DE ST PIERRE,CIAT DU PORT,SURETE DEPARTEMENTALE DE LA REUNION,BMR DZAOUDZI,SPAF PAMANDZI,CIAT DE MAMOUDZOU,DPAF BMR 987,SPAF TAHITI FAAA,CIAT DE PAPEETE,DPAF UJI 988,SPAF NOUMEA LA TONTOUTA,CIAT DE NOUMEA
1,Règlements de compte entre malfaireurs,0,0,0,0,0,0,0,0,0,0,0,0,0,0,0,0,0,0,0,0,0,0,0,2,0,0,0,0,0,0,0,0,0,0,0,0,0,0,0,0,0,0,0,0,0,1,0,0,0,0,0,0,0,0,17,0,0,0,0,0,0,0,0,0,0,0,0,0,0,0,0,0,0,0,0,0,0,0,0,0,0,0,0,0,0,0,0,0,0,0,0,0,0,0,0,0,0,0,0,0,0,0,0,0,0,0,0,0,0,0,0,0,0,1,0,0,0,0,0,0,0,11,0,0,0,0,0,0,0,0,0,0,0,0,0,0,0,0,0,3,1,0,0,0,0,0,0,0,0,0,0,0,0,1,0,0,0,0,0,0,0,0,0,0,1,0,0,0,0,3,0,0,0,4,1,0,0,0,0,0,0,0,0,0,0,0,0,0,0,0,0,0,0,0,0,0,0,0,0,0,0,0,0,0,0,0,0,1,0,0,0,0,0,0,0,0,0,0,0,0,0,0,0,0,0,0,0,0,0,0,0,0,0,0,0,0,0,0,0,0,0,0,0,0,0,0,1,0,0,0,0,0,0,1,0,0,0,0,0,0,0,1,0,0,0,0,0,0,0,0,0,0,0,0,0,0,0,0,0,0,0,0,0,0,0,0,0,0,0,0,0,0,0,0,0,0,0,0,0,0,0,0,0,0,0,0,0,0,0,0,0,0,0,0,0,0,0,0,0,0,0,0,0,0,0,0,0,0,0,0,0,0,0,0,0,0,0,0,0,0,0,0,0,0,0,0,0,0,0,0,0,1,0,0,0,0,0,0,0,0,0,0,0,0,0,0,0,0,0,0,0,0,0,0,0,2,0,0,0,0,0,0,0,0,0,0,0,1,2,0,0,0,0,0,0,0,0,0,0,0,0,0,0,0,0,0,0,0,0,0,0,0,0,1,0,0,0,0,0,0,0,0,0,0,0,0,0,0,0,0,0,0,0,0,0,0,0,0,0,0,0,0,0,0,0,0,0,1,0,0,0,0,0,0,0,0,0,0,0,0,0,0,0,0,0,0,0,1,0,0,0,0,1,0,0,0,0,0,0,0,0,0,0,0,0,0,0,0,0,0,0,3,0,0,0,0,0,0,0,1,0,0,0,3,0,0,0,0,0,0,0,0,0,0,0,0,0,0,0,0,0,0,0,0,0,2,0,0,0,0,0,0,0,0,0,0,0,0,0,0,0,0,0,0,0,0,0,0,0,0,0,0,0,0,0,0,0,1,0,0,0,0,0,0,0,0,0,0,0,0,0,0,0,0,0,0,0,0,0,0,0,0,1,0,0,0,0,0,0,1,0,0,0,0,0,0,0,0,0,0,1,0,0,0,0,0,0,0,0,0,0,0,0,0,0,0,0,0,0,0,0,0,0,0,0,0,0,0,0,0,0,0,0,0,0,0,0,0,0,0,0,0,0,0,0,0,0,0,7,0,0,0,0,0,0,2,0,0,0,0,0,2,0,0,0,0,0,0,0,0,0,0,0,0,0,0,0,0
2,Homicides pour voler et à l'occasion de vols,0,0,0,0,0,0,0,0,0,0,0,0,0,0,0,0,0,0,0,0,0,0,0,0,0,0,0,0,0,0,0,0,0,0,0,0,0,0,0,0,0,0,0,0,0,0,0,0,0,0,0,0,0,0,0,0,0,0,0,0,0,0,0,0,0,0,0,0,0,0,0,0,0,0,1,0,0,0,0,0,0,0,0,0,0,0,0,0,0,0,1,0,0,0,0,0,0,0,0,0,0,0,0,0,0,0,0,0,0,0,0,0,0,0,0,0,0,0,0,0,0,0,0,0,0,0,0,0,0,0,0,0,0,0,0,0,0,0,0,0,1,0,0,0,0,0,0,2,0,0,0,0,0,0,0,0,0,0,0,0,0,0,0,0,0,0,0,0,0,0,0,0,0,0,0,0,0,0,0,0,0,0,0,0,0,0,0,0,0,0,0,0,0,0,0,0,0,0,0,0,0,0,0,0,0,0,0,0,0,0,0,0,0,0,0,0,1,0,0,0,0,0,0,0,0,0,0,0,0,0,0,0,0,0,0,0,0,0,0,0,0,0,0,0,0,0,0,0,0,0,0,0,0,0,0,0,0,0,0,0,0,0,0,0,0,0,0,0,0,0,0,0,0,0,0,0,0,0,0,0,0,0,0,0,0,0,0,0,0,0,0,0,0,0,0,0,0,0,0,0,0,0,2,0,0,0,0,0,0,0,0,0,0,0,0,0,0,0,0,0,0,0,0,0,0,0,0,0,0,0,0,0,1,0,0,0,0,0,0,0,0,0,0,0,0,0,0,0,0,0,0,0,0,0,0,0,0,0,0,0,0,0,0,0,0,0,0,0,0,0,0,0,0,0,0,0,0,0,0,0,0,0,0,0,0,0,0,0,1,0,0,0,0,0,0,0,0,0,0,0,0,0,0,0,0,0,0,0,0,0,0,0,0,0,0,0,0,0,0,0,0,0,0,0,0,0,0,0,0,0,0,0,0,0,0,1,0,0,0,0,0,0,0,0,0,0,0,0,0,0,0,0,0,0,0,0,0,0,0,0,0,0,0,0,0,0,0,0,0,0,0,0,0,0,0,0,0,0,0,1,0,0,0,0,0,0,0,0,0,0,0,0,0,0,0,0,0,0,0,0,0,0,0,0,0,0,0,0,0,0,0,0,0,0,0,0,0,0,0,0,0,0,0,0,0,0,0,0,0,0,0,0,0,0,0,0,0,0,0,0,0,0,0,0,0,0,0,0,0,0,0,0,0,0,0,0,0,0,0,0,0,0,0,0,0,0,0,0,0,0,0,0,0,0,0,0,0,0,0,0,0,0,0,0,0,0,0,0,0,0,0,0,0,0,0,0,0,0,0,0,0,0,0,0,0,0,0,0,0,0,0,0,0,0,0,0,0,0,0,0,0,0,0,0,0,0,0,0,0,0,0,0,0,0,0,0,0,0,0,0,0,0,0,0,0,0,0,0,6,0,0,1,0,0,0,0,0,0,0,0,0,0,0,0,0,0,0,0,0,0,0,0,0,0,0,0,0,0
3,Homicides pour d'autres motifs,0,0,1,0,0,0,0,0,0,2,0,1,2,0,0,0,0,0,0,1,0,0,0,0,2,1,0,1,1,0,1,0,0,0,0,0,0,2,0,0,1,2,0,0,0,0,0,0,0,1,0,0,0,0,16,0,0,0,0,0,0,0,0,0,0,1,0,3,10,0,1,1,0,0,0,0,0,1,2,2,0,0,0,0,0,0,0,0,0,0,3,2,0,0,2,0,0,0,1,0,0,0,5,0,2,0,2,0,0,0,0,0,0,0,0,0,0,0,0,0,0,1,0,0,2,0,0,0,0,0,0,0,0,1,0,0,0,0,0,9,5,0,0,0,0,0,0,2,11,0,0,0,0,2,3,0,1,0,0,0,0,0,0,0,4,2,0,1,0,4,2,0,0,4,2,0,0,1,0,0,0,0,0,1,0,2,1,0,0,0,0,0,0,0,4,0,1,0,0,2,1,1,0,0,0,0,0,3,0,0,0,0,1,0,0,1,3,1,1,0,0,0,0,0,0,0,0,3,0,0,0,1,0,0,0,0,0,0,0,1,0,0,0,0,0,0,3,0,0,0,0,2,1,0,0,0,0,0,0,0,0,12,0,0,1,2,1,0,1,5,1,2,0,0,0,2,1,0,1,0,0,0,0,0,0,2,1,0,0,0,0,2,1,0,3,0,0,1,0,0,0,0,0,2,0,0,0,0,0,0,0,0,0,1,0,3,0,0,0,0,0,0,0,0,0,2,2,0,0,0,0,0,1,3,0,0,0,0,0,1,1,0,0,0,0,0,0,0,0,0,0,8,0,2,0,0,0,7,0,1,0,0,0,1,0,3,0,0,0,0,0,3,0,0,0,6,0,0,0,0,0,0,0,0,0,1,8,2,5,0,0,0,0,0,0,0,0,0,0,0,0,0,0,0,0,1,0,0,0,0,1,0,0,1,2,1,1,1,0,1,0,1,0,2,0,0,0,0,0,0,0,0,0,0,4,4,1,1,0,2,0,0,0,1,0,0,0,2,0,1,1,0,0,0,1,0,0,0,0,0,8,1,2,0,2,0,0,1,0,0,1,0,0,0,0,0,0,0,0,1,2,4,0,0,2,0,0,2,0,0,0,5,4,2,0,0,0,1,0,0,1,1,0,1,0,0,0,1,0,0,0,0,0,0,0,1,0,0,0,0,0,0,0,1,0,0,1,1,0,0,0,0,0,1,1,0,0,0,0,1,0,0,0,0,0,1,0,0,0,2,0,0,0,2,0,0,0,1,0,0,0,0,0,0,0,0,0,1,0,0,0,0,0,0,0,0,0,0,0,0,0,3,3,0,1,1,1,1,0,2,0,1,0,3,1,0,0,0,0,1,0,1,0,1,0,1,0,0,9,1,0,0,0,0,0,0,0,0,1,0,0,0,0,0,0,0,0,0,0,0,0,0,2,1,0,0,0,0,0,0,0,1,0,0,0,0,0,0,42,2,0,12,0,0,0,3,0,0,0,0,0,6,0,0,0,0,1,1,2,0,0,1,0,0,0,0,0,1
4,Tentatives d'homicides pour voler et à l'occasion de vols,0,0,0,0,0,0,0,0,0,0,0,0,0,0,0,0,0,0,0,0,0,0,0,0,0,0,0,0,0,0,0,0,0,0,0,0,0,0,0,0,0,0,0,0,0,0,0,0,0,0,0,0,0,0,3,0,0,0,0,0,0,0,0,0,0,0,2,0,0,0,1,0,0,0,0,0,0,0,0,0,0,0,0,0,0,0,0,0,0,0,0,0,0,0,0,0,0,0,0,0,0,0,0,0,9,0,0,1,0,0,0,1,2,0,0,0,0,0,0,0,0,0,0,0,0,0,0,0,0,0,0,0,1,0,0,0,0,0,0,0,0,0,0,0,0,0,0,0,0,0,0,0,0,0,0,0,0,0,0,0,0,0,0,0,0,0,0,0,0,0,0,0,0,0,0,0,0,0,0,0,0,0,0,0,0,1,0,0,0,0,0,0,0,0,1,0,0,0,0,0,1,0,0,0,0,0,0,0,0,0,0,0,0,0,0,0,0,0,0,0,0,0,0,0,0,0,0,0,0,0,0,0,0,0,0,0,0,0,0,0,0,0,0,0,0,0,0,0,0,0,0,0,0,0,0,0,0,0,0,0,0,0,0,0,0,0,1,0,0,1,0,0,0,0,0,1,0,0,0,0,0,0,0,0,0,0,0,0,0,0,0,0,0,1,3,0,0,0,0,0,0,0,0,1,0,0,0,0,0,0,0,0,0,0,0,0,0,0,0,0,0,0,0,0,0,0,0,0,0,0,0,0,2,0,0,0,0,0,0,1,0,0,0,0,0,0,0,0,0,0,0,4,0,0,0,0,0,1,0,0,0,0,0,0,0,0,0,0,0,0,0,0,0,0,0,0,0,0,0,0,0,0,0,0,0,0,4,2,0,0,0,0,0,0,0,0,0,0,0,0,0,0,0,0,0,0,0,0,1,1,0,0,0,1,0,0,0,0,0,2,0,1,0,1,0,0,0,0,0,0,0,0,0,0,0,0,0,0,0,0,0,0,0,1,1,0,0,0,0,0,0,0,0,0,0,0,0,0,0,0,0,0,0,0,1,0,0,0,0,0,0,0,0,0,0,0,1,0,0,0,0,0,0,0,0,0,0,0,0,0,0,1,0,0,0,0,0,0,0,0,0,0,0,0,0,0,0,0,0,0,0,0,0,0,0,0,0,0,0,0,0,0,0,0,0,0,0,0,0,0,0,0,0,0,0,0,0,0,0,0,0,0,0,0,0,0,0,0,0,0,0,0,0,0,0,0,0,1,0,0,0,0,0,0,0,0,0,0,0,0,0,0,0,0,0,0,0,0,0,0,0,0,0,0,0,0,0,0,0,0,0,0,0,0,0,0,0,0,0,0,2,0,0,0,0,0,0,0,0,0,0,0,0,0,0,0,0,0,0,0,0,0,0,0,0,0,0,0,0,0,0,0,0,0,0,0,0,0,0,1,0,1,0,0,0,0,0,0,9,0,0,1,0,0,0,1,0,0,0,0,0,1,0,0,0,0,0,0,0,0,0,0,0,0,0,0,0,0
5,Tentatives homicides pour d'autres motifs,0,0,0,2,1,0,0,0,1,1,1,2,0,0,0,0,0,1,0,0,0,0,0,12,22,5,4,5,3,1,1,0,0,0,0,0,0,4,0,0,3,1,2,0,0,3,0,0,0,0,0,0,0,0,21,8,1,0,0,0,1,2,2,2,0,13,10,7,16,0,3,2,1,0,1,1,3,1,3,1,0,2,4,2,0,0,0,0,0,0,20,2,1,0,4,0,0,0,1,0,0,0,17,2,3,3,9,0,4,2,1,3,6,8,8,0,0,1,0,0,0,4,10,0,0,0,0,6,0,0,0,1,15,2,0,0,0,0,0,30,20,0,2,0,0,0,0,7,24,0,0,0,0,21,10,0,4,8,0,0,0,0,0,0,13,7,1,1,2,3,4,0,0,3,4,2,1,0,0,0,0,1,1,0,0,7,14,1,3,1,4,0,0,0,11,1,0,0,0,5,13,2,1,0,1,0,0,4,4,1,0,0,0,4,0,3,0,11,0,2,1,3,5,0,0,0,0,6,1,1,1,0,1,0,2,0,0,0,5,0,0,0,0,0,0,0,8,0,0,0,0,0,0,3,0,0,0,1,0,0,0,6,2,4,4,2,14,0,1,15,16,5,0,0,3,3,3,7,2,2,0,0,0,0,0,0,1,0,0,1,2,0,1,0,16,1,1,2,0,0,0,0,1,6,0,0,0,0,0,0,0,0,0,2,3,0,0,0,0,0,0,0,0,0,0,12,29,0,0,0,0,0,6,14,0,0,0,0,0,9,9,2,1,0,0,0,0,0,0,0,0,6,0,1,0,0,1,26,0,0,0,4,1,0,2,8,0,0,0,0,0,4,0,0,0,5,6,0,2,0,0,0,0,0,0,11,52,11,35,0,0,0,4,0,0,0,0,0,0,0,0,0,10,0,0,3,1,0,0,1,4,8,2,2,9,8,14,2,8,7,7,4,14,1,0,2,0,0,0,0,0,0,0,0,1,11,1,0,0,1,0,0,0,11,2,1,0,0,5,5,10,0,0,1,3,1,0,1,3,0,6,2,8,0,5,3,0,2,0,2,3,7,1,0,0,0,0,1,0,2,0,5,1,0,0,1,0,4,0,0,0,10,6,10,3,1,1,1,0,5,2,1,0,1,4,0,13,4,1,0,1,1,2,0,2,1,1,2,0,0,3,2,1,6,3,6,3,1,1,2,0,1,0,2,2,0,0,0,0,0,0,0,0,0,0,1,0,0,0,2,1,3,2,5,2,3,1,3,1,2,3,0,1,7,1,1,3,1,2,0,1,1,1,0,1,1,0,0,0,0,6,7,11,16,4,1,5,2,0,9,5,6,2,3,3,2,2,1,2,5,8,4,5,4,0,0,0,0,52,2,2,2,0,1,2,3,0,2,6,2,1,1,5,4,1,1,8,0,0,0,0,0,6,10,0,0,9,5,3,18,0,5,0,0,0,0,0,0,14,2,1,13,0,0,0,10,6,0,0,0,0,17,0,0,0,1,2,5,6,0,0,3,0,0,0,0,0,0
6,Coups et blessures volontaires suivis de mort,0,0,0,0,0,0,0,1,0,0,0,0,0,0,0,0,0,0,0,0,0,0,0,0,4,1,0,1,0,0,0,0,0,0,1,0,0,0,0,0,0,0,0,0,0,0,0,0,0,0,0,0,0,0,0,0,0,0,0,0,0,0,0,0,0,0,0,5,0,0,1,0,0,0,0,0,0,0,0,0,0,0,1,0,0,0,0,0,0,0,0,0,0,0,0,0,0,0,0,0,0,0,1,0,0,0,1,0,0,0,0,0,0,0,0,0,0,1,0,0,0,0,0,0,0,0,0,1,0,0,0,0,1,0,0,0,0,0,0,0,0,0,0,0,0,0,0,0,2,0,0,0,0,0,0,0,1,0,0,0,0,0,0,0,0,0,0,0,0,2,0,0,0,0,0,0,0,0,0,0,0,0,0,0,0,0,0,0,0,0,0,0,0,0,0,0,1,0,0,0,1,0,0,1,0,0,0,0,1,0,0,0,0,0,0,0,0,0,1,0,0,0,0,0,0,0,0,0,0,0,0,0,1,0,0,0,0,0,0,0,0,0,0,0,0,0,0,0,0,0,0,2,0,1,0,0,0,0,0,0,0,0,0,1,0,0,2,0,0,2,0,0,0,0,0,0,0,0,0,0,0,0,0,0,0,0,0,0,0,0,0,1,0,0,1,0,0,0,0,0,0,0,0,1,0,0,1,0,0,0,0,0,0,1,0,0,0,0,0,0,0,0,0,0,0,0,0,0,0,0,0,0,1,0,0,0,0,0,0,1,0,0,0,0,0,0,0,0,0,0,0,0,0,0,0,0,0,2,0,0,0,0,1,0,0,0,0,0,0,0,0,0,0,0,0,0,0,0,1,0,0,0,0,0,0,0,0,3,0,0,2,0,1,0,0,0,0,0,0,0,0,0,0,0,0,0,0,0,0,0,1,0,0,0,0,1,0,0,0,0,0,0,0,0,0,0,0,0,0,0,0,0,0,0,0,1,0,0,0,1,0,0,0,0,0,1,0,1,0,0,1,0,0,0,0,0,0,0,1,0,0,0,0,0,0,0,0,0,0,1,0,0,0,0,0,0,2,0,0,0,0,0,0,0,0,0,0,2,0,0,0,0,0,0,0,0,0,0,0,0,0,0,0,1,0,0,0,0,0,0,0,1,1,0,0,0,0,0,0,0,0,0,0,0,0,0,0,0,0,0,0,0,0,0,0,0,0,0,0,0,0,0,0,0,0,0,0,0,0,0,0,0,0,0,0,0,0,0,0,0,0,0,0,0,0,0,0,0,0,0,1,0,0,1,1,0,0,0,0,0,0,0,0,0,0,1,0,0,0,1,0,2,0,0,0,1,0,0,0,0,1,0,0,0,0,0,0,0,0,0,0,0,0,0,0,0,0,0,0,0,0,0,0,1,0,0,0,0,0,0,0,0,0,0,0,0,0,1,0,0,0,1,0,0,0,0,0,0,0,0,0,1,0,0,0,0,0,0,0,0,0,0,0,0,0,0,0,1,0,0,0,1,0,0,0,0,0,1
7,Autres coups et blessures volontaires criminels ou correctionnels,1,0,270,139,106,150,171,312,112,241,164,221,98,127,0,0,47,136,2,7,2,1,1,3,2180,422,333,473,243,198,85,45,81,370,109,88,119,726,0,0,280,327,64,63,127,13,0,0,0,2,0,0,1,0,30,559,219,282,176,36,442,191,314,372,175,1821,1711,1638,69,0,949,98,40,35,106,104,516,165,435,146,140,157,356,136,0,273,69,52,0,0,15,858,63,64,372,51,0,145,308,0,0,0,922,114,472,0,566,166,210,223,129,492,381,254,868,100,120,349,0,3,0,4,235,0,0,0,0,188,0,0,0,0,875,280,64,1,0,0,15,4,3054,89,106,18,0,0,8,1,2981,111,1,0,0,2,1944,207,607,271,0,0,0,0,0,0,12,1228,104,292,235,4,924,0,0,5,1429,204,143,123,120,129,198,151,389,73,1,1,1013,295,198,227,118,2,3,1,2300,91,327,0,0,1,1288,305,86,267,158,60,0,728,189,141,0,0,420,97,49,150,2,1195,390,178,133,187,354,4,0,0,1,1259,83,52,64,308,89,31,84,1,103,174,623,273,1,0,0,0,0,0,1124,183,133,48,118,590,148,164,6,9,0,0,0,2,0,1,265,1198,972,758,1829,85,324,3073,1036,729,0,1,2,416,198,333,207,79,66,1,0,0,6,4,658,124,23,102,453,483,240,594,1821,68,138,315,23,0,0,0,1,881,14,10,83,0,0,0,0,0,3,556,408,139,90,58,302,0,0,0,2,0,0,1,951,1,0,0,1,0,3,2019,138,139,0,14,0,1007,362,121,95,9,0,0,0,21,0,0,0,8,196,335,13,30,16,5339,4,151,3,277,264,195,101,836,0,0,0,83,97,376,0,0,0,2,217,336,194,1,0,3,0,0,0,26,43,35,0,0,38,0,12,1,3,0,0,0,0,0,0,0,869,0,0,252,176,224,218,462,173,426,308,547,646,668,903,462,845,604,707,1019,1078,1008,0,24,0,8,0,0,0,0,0,0,6,1980,121,289,90,984,26,1,0,630,363,217,125,155,277,448,542,217,75,147,340,354,86,255,3,0,4,593,670,1,694,470,0,345,0,122,381,366,464,0,0,0,7,182,41,0,180,1051,193,41,154,24,51,275,4,0,0,17,1425,233,325,260,327,153,0,3,172,101,101,683,307,178,1,520,167,0,0,556,196,74,106,285,269,381,12,0,269,221,199,335,229,544,188,172,187,304,222,281,202,557,5,1,0,0,0,2,0,0,0,0,2,1,0,0,0,1,233,378,179,241,267,306,276,362,215,237,141,131,87,166,112,259,537,175,133,165,133,128,214,3,165,131,0,1,0,0,4,609,741,698,527,357,438,399,182,499,329,512,285,506,286,342,361,179,317,388,1137,296,13,314,0,30,0,0,33,242,328,330,125,225,315,527,200,251,686,454,171,153,233,8,475,142,389,0,15,0,0,153,713,937,0,0,377,320,613,777,2,6,0,0,0,0,4,0,15,123,60,959,0,0,0,723,247,0,0,0,0,773,0,2,0,386,529,249,883,0,0,545,0,0,418,2,0,935
8,Prises d'otages à l'occasion de vols,0,0,0,0,0,0,0,0,0,0,0,0,0,0,0,0,0,0,0,0,0,0,0,0,0,0,0,0,0,0,0,0,0,0,0,0,0,0,0,0,0,0,0,0,0,0,0,0,0,0,0,0,0,0,1,0,0,0,0,0,0,0,0,0,0,0,1,0,0,0,0,0,0,0,0,0,0,0,0,0,0,0,0,0,0,0,0,0,0,0,0,0,0,0,0,0,0,0,0,0,0,0,0,0,0,0,0,0,0,0,0,0,0,0,0,0,0,0,0,0,0,0,0,0,0,0,0,0,0,0,0,0,0,0,0,0,0,0,0,0,0,0,0,0,0,0,0,0,0,0,0,0,0,0,0,0,0,0,0,0,0,0,0,0,0,0,0,0,0,0,0,0,0,0,0,0,0,0,0,0,0,0,0,0,0,0,0,0,0,0,0,0,0,0,0,0,0,0,0,0,1,0,0,0,0,0,0,0,0,0,0,0,0,0,0,0,0,0,0,0,0,0,0,0,0,0,0,0,0,0,0,0,0,0,0,0,0,0,0,0,0,0,0,0,0,0,0,0,0,0,0,0,0,0,0,0,0,0,0,0,0,0,0,0,0,0,0,0,0,0,0,0,0,0,0,0,0,0,0,0,0,0,0,0,0,0,0,0,0,0,0,0,1,0,0,0,0,0,0,0,0,0,0,0,0,0,0,0,0,0,0,0,0,0,0,0,0,0,0,0,0,0,0,0,0,0,0,0,0,0,0,0,0,0,0,0,0,0,0,0,0,0,0,1,0,0,0,0,0,0,0,0,0,0,0,0,0,1,0,0,0,0,0,0,0,0,0,0,0,0,0,1,0,0,0,0,0,0,0,0,0,0,0,0,0,0,0,0,0,0,0,0,0,0,0,0,0,0,0,0,0,0,0,0,0,0,0,0,0,0,0,0,0,0,0,0,0,0,0,0,1,0,0,0,0,0,0,0,0,0,0,0,0,0,0,1,0,0,0,0,0,0,0,0,0,0,0,0,0,1,0,0,0,0,0,0,0,0,0,0,1,0,0,0,0,0,0,0,0,0,0,0,0,0,0,0,0,0,0,0,0,0,0,0,0,0,0,0,0,0,0,0,0,0,0,0,0,0,0,1,0,0,0,0,0,0,0,0,0,0,0,0,0,0,0,0,0,0,0,0,0,0,0,0,0,0,0,0,0,0,0,0,0,0,0,0,0,0,0,0,0,0,0,0,0,0,0,0,0,0,0,0,0,0,0,0,0,0,0,0,0,0,0,0,0,0,0,0,0,0,0,0,0,0,0,0,0,0,0,0,0,0,0,1,0,0,0,0,0,0,0,0,0,0,0,0,0,0,0,0,0,0,0,0,0,0,0,0,0,0,0,0,0,0,0,0,0,0,0,0,0,0,0,0,0,0,0,0,0,0,0,0,0,0,0,0,0,0,0,0,0,0,0,0,0,0,0,0,1,0,0,0,0,0,0,0,0,0,0,0,0,0,0,0,0,0,0,0,0,0,0,0,0,0,0,0,0,0
9,Prises d'otages dans un autre but,0,0,0,0,0,0,0,0,0,0,0,0,0,0,0,0,0,0,0,0,0,0,0,0,0,0,0,1,0,0,0,0,0,0,0,0,0,0,0,0,0,0,0,0,0,0,0,0,0,0,0,0,0,0,0,0,0,0,0,0,0,0,0,1,0,0,0,0,0,0,0,0,0,0,0,0,0,0,0,0,0,0,0,0,0,0,0,0,0,0,0,0,0,0,0,0,0,0,1,0,0,0,0,0,0,0,0,0,0,0,0,0,0,0,0,0,0,0,0,0,0,0,0,0,0,0,0,0,0,0,0,0,0,0,0,0,0,0,0,0,0,0,0,0,0,0,0,0,2,0,0,0,0,0,1,0,0,0,0,0,0,0,0,0,0,0,0,0,0,2,0,0,0,0,0,0,0,0,0,0,0,0,0,0,0,0,1,0,0,0,0,0,0,0,0,0,0,0,0,0,0,0,0,0,0,0,0,0,0,0,0,0,0,0,0,0,0,0,0,0,0,0,0,0,0,0,0,0,0,0,0,0,0,0,0,0,0,0,0,0,0,0,0,0,0,0,0,0,0,0,0,0,0,0,0,0,0,0,0,0,0,0,0,0,1,0,0,0,0,0,0,0,0,0,0,0,0,0,0,0,0,0,0,0,0,1,1,0,0,0,0,0,0,0,0,0,0,0,0,0,0,0,0,0,0,0,0,0,0,0,0,0,0,0,0,0,0,0,0,0,0,0,0,0,0,0,1,0,0,0,0,0,0,0,0,0,0,0,0,0,0,0,0,0,0,0,0,0,0,0,0,0,0,1,0,0,0,0,0,0,0,0,0,0,0,1,0,0,0,0,0,0,0,0,0,0,0,0,0,0,0,0,0,0,0,0,0,0,0,0,0,0,0,0,0,0,0,0,0,0,0,0,0,0,0,0,0,0,0,0,0,1,0,0,0,0,0,0,0,0,0,0,1,0,0,0,0,0,0,0,0,0,0,0,0,0,0,0,0,0,0,0,0,1,0,0,0,0,0,0,0,0,0,0,0,0,0,0,0,0,0,0,0,0,0,0,0,0,0,0,0,0,1,0,0,0,1,0,0,0,0,0,0,0,0,0,0,0,0,0,0,0,0,0,0,0,0,0,0,0,0,0,0,0,0,0,0,0,0,0,0,0,0,0,0,0,0,0,0,0,0,0,0,0,0,0,0,0,0,0,0,0,0,0,0,0,0,0,0,0,0,0,0,0,0,0,0,0,0,0,0,0,0,0,0,0,0,0,0,0,0,0,0,0,0,0,1,0,0,1,0,0,0,0,0,0,0,0,0,0,0,1,0,1,0,0,1,0,0,0,0,0,0,0,1,0,0,0,0,0,0,0,0,0,0,0,0,0,0,0,0,0,0,0,0,0,0,0,0,0,0,0,0,0,0,0,0,0,0,0,0,0,0,0,0,0,0,0,0,0,0,0,0,0,0,0,0,0,0,0,0,0,0,0,0,0,0,0,0,0,0,0,0,0,0,0,0,0,0,0,0,0,0,0,0,0,0,0
10,Sequestrations,0,0,3,3,0,8,2,4,0,3,1,2,0,1,0,0,1,0,2,0,0,0,0,3,51,7,2,4,5,2,3,0,0,2,2,2,0,6,0,0,6,7,0,1,2,1,0,0,0,0,0,0,0,0,25,8,2,1,3,0,7,0,9,3,0,30,22,23,12,0,15,4,1,0,1,3,12,1,11,0,2,1,5,5,0,5,1,1,0,0,1,10,0,0,3,0,0,0,2,0,0,0,15,2,10,0,11,2,2,5,2,5,10,2,13,2,1,3,0,0,0,3,6,0,0,0,0,6,0,0,0,1,15,9,0,1,0,0,0,2,49,1,3,0,0,0,0,0,32,4,0,0,0,3,49,3,11,10,0,0,0,0,0,0,3,21,0,1,8,3,19,0,1,2,25,4,0,0,2,0,7,1,6,1,0,0,20,4,7,4,5,0,0,0,45,0,6,0,0,3,29,4,4,7,2,1,1,13,5,0,0,0,6,1,1,3,0,23,3,5,2,2,4,0,0,0,1,13,1,1,1,3,1,0,0,0,1,1,8,4,0,0,0,0,0,0,8,3,3,1,2,11,7,1,0,0,0,0,0,0,0,3,6,25,14,18,28,0,7,68,45,16,0,0,2,12,4,10,1,0,0,0,0,0,1,1,17,0,0,1,8,7,4,13,44,0,1,5,0,0,0,0,4,12,0,0,3,0,0,0,0,0,0,7,2,1,2,3,5,0,0,0,1,0,0,2,14,0,0,0,0,0,1,24,5,0,0,0,0,21,4,7,0,0,0,0,0,2,0,0,0,6,6,1,0,0,0,107,0,2,0,9,2,2,0,21,0,0,0,2,7,8,0,0,0,5,4,5,1,0,0,0,0,0,0,19,24,16,0,0,0,0,7,2,2,0,1,0,0,0,0,0,5,0,0,3,6,2,2,6,2,11,7,15,5,9,8,6,18,8,13,17,23,14,0,1,0,0,0,0,0,0,0,0,6,40,0,3,0,13,1,0,0,19,7,3,0,2,6,12,17,2,5,4,5,7,1,5,4,0,3,10,6,0,7,17,0,9,0,0,6,7,12,0,0,0,3,3,0,0,3,19,6,0,6,1,1,3,0,0,0,2,27,4,2,3,3,2,0,1,1,2,3,17,7,3,4,5,4,0,0,9,3,1,0,7,4,10,0,0,10,2,7,7,4,16,2,6,6,2,9,10,2,10,3,1,0,0,0,0,0,0,0,0,0,0,0,0,0,4,4,9,6,6,6,4,4,7,3,5,0,3,1,9,3,4,18,2,3,2,5,3,7,1,2,2,0,0,0,1,0,30,17,11,7,9,8,5,7,22,3,12,8,17,6,6,11,2,6,12,32,14,2,9,0,0,0,0,17,5,5,7,2,4,3,7,2,3,13,12,3,3,2,1,13,2,4,0,7,0,0,3,18,33,0,0,14,13,22,22,0,2,0,0,0,0,0,0,10,0,0,9,1,0,0,20,3,1,1,0,0,18,0,0,0,2,6,3,16,0,1,8,0,0,0,0,0,5
11,Menaces ou chantages pour extorsion de fonds,0,0,11,11,4,5,3,7,4,4,7,11,7,3,0,0,3,12,1,0,0,0,0,1,146,31,20,27,14,8,2,1,3,13,3,2,2,29,0,0,20,20,3,2,9,1,0,0,0,0,0,0,0,0,4,53,5,17,9,1,9,9,19,18,5,100,100,117,10,0,44,5,2,0,4,2,22,3,17,5,3,8,20,14,0,6,0,2,0,0,1,50,1,3,21,5,0,1,11,0,0,0,63,4,26,1,36,13,13,15,10,37,20,11,29,2,3,9,0,0,0,4,4,0,0,0,0,14,0,0,0,0,24,21,2,0,0,0,0,3,183,5,1,1,0,0,0,4,124,5,0,0,0,3,145,6,21,9,0,0,0,0,0,0,2,55,2,8,14,3,61,0,0,0,98,14,9,9,9,10,7,5,14,10,0,0,43,9,6,7,9,0,0,0,135,5,19,0,0,1,80,13,1,10,3,3,1,26,22,3,0,0,4,0,6,9,0,55,14,12,8,3,22,0,0,0,0,57,5,3,2,7,4,0,2,0,3,6,35,11,0,0,0,0,0,0,43,5,7,0,9,16,2,10,0,0,0,0,0,0,0,1,9,37,37,22,55,3,5,159,35,36,0,0,0,10,18,21,13,2,4,0,0,0,0,0,24,2,1,2,5,12,6,12,67,3,3,13,1,0,0,0,1,54,1,0,2,0,0,0,0,1,0,25,14,3,5,2,12,0,0,0,0,0,0,1,27,0,0,0,0,0,3,119,7,5,0,0,0,46,19,6,3,1,0,0,0,1,0,0,0,3,7,17,1,0,0,323,2,13,0,16,6,11,5,47,0,0,0,2,2,18,0,0,0,1,14,21,4,0,0,0,0,0,0,11,24,10,0,0,3,0,0,0,0,1,0,0,0,0,23,0,80,0,1,37,9,36,29,70,25,73,47,51,71,56,78,50,89,102,109,125,83,158,0,2,0,0,0,0,0,0,0,0,1,130,4,16,5,56,0,0,0,41,29,8,5,10,12,27,35,13,4,4,26,14,3,11,0,0,2,47,42,0,37,26,0,22,0,10,24,20,46,0,0,0,2,8,2,0,3,54,9,1,7,4,2,8,0,0,0,1,50,8,7,15,6,9,0,0,12,2,6,30,12,4,0,27,8,0,1,27,9,2,1,26,15,12,0,0,14,15,10,12,12,26,10,16,8,29,13,19,9,32,2,0,0,0,1,11,0,1,0,0,0,2,0,0,0,1,23,36,17,56,27,45,43,41,22,15,15,16,9,16,8,15,36,17,4,13,12,12,7,1,23,13,0,0,0,0,1,39,47,54,32,25,19,33,12,39,22,44,23,39,15,29,26,7,24,31,100,37,3,22,0,0,0,0,2,14,29,28,13,17,14,48,5,17,56,38,14,14,35,6,37,18,19,0,1,0,0,8,39,65,0,0,26,17,37,57,0,2,0,0,0,0,0,0,0,6,4,49,0,1,0,32,6,0,0,0,0,48,0,2,0,9,11,7,31,0,0,9,0,0,1,0,0,7
12,Menaces ou chantages dans un autre but,0,0,101,47,42,65,72,99,41,73,94,80,54,63,0,0,12,65,0,6,0,1,3,20,871,204,116,176,112,85,35,9,24,213,29,63,52,318,0,0,91,156,43,37,48,9,0,0,0,8,0,1,4,0,8,354,88,154,106,26,176,90,186,212,118,1032,902,909,25,0,579,61,42,9,19,38,264,81,193,39,41,56,130,58,0,137,23,11,0,0,4,361,26,40,157,23,0,51,106,0,0,0,518,48,207,0,315,57,97,87,42,183,216,115,312,48,45,141,0,0,0,5,124,0,0,0,0,121,0,0,0,0,417,138,29,0,0,0,4,5,1538,33,48,8,0,0,7,6,1157,48,0,9,0,2,720,79,211,112,0,0,0,1,0,0,2,452,65,128,144,2,293,0,0,4,776,54,68,48,78,39,104,55,220,48,1,9,582,190,77,129,72,0,0,0,869,17,126,0,0,3,661,136,35,159,73,37,0,257,122,51,0,0,192,23,17,43,1,564,121,91,54,118,163,3,0,0,1,531,52,25,18,134,20,18,36,1,41,49,222,94,0,0,0,2,2,0,482,88,62,20,80,267,91,54,2,9,0,0,0,4,0,26,89,408,316,311,1007,51,91,1181,478,304,0,5,0,214,72,150,133,79,39,1,0,0,0,4,332,26,10,26,141,234,78,218,604,34,44,172,6,0,0,0,1,387,3,2,44,0,0,0,0,1,1,188,149,36,44,22,105,0,0,0,1,0,3,1,456,0,3,1,1,0,6,1085,92,51,0,4,0,489,161,71,32,5,1,0,0,16,0,0,0,3,101,201,5,19,5,2219,4,70,0,159,139,73,24,481,0,0,0,37,32,129,0,0,0,2,118,140,103,5,0,9,0,0,0,16,11,7,8,0,69,0,4,0,1,0,0,0,0,0,2,0,311,29,0,131,51,72,71,129,71,207,186,223,284,203,351,203,347,312,317,407,541,388,0,3,4,1,2,0,0,0,1,0,11,742,59,106,59,708,7,3,0,316,168,83,81,59,95,225,284,67,18,81,158,140,42,145,1,8,10,375,376,0,322,259,0,211,0,49,205,260,234,0,0,1,3,80,20,1,79,489,103,22,74,23,17,157,4,0,0,3,635,91,138,83,162,53,0,3,86,66,53,350,133,79,1,236,81,0,4,195,93,28,47,122,94,112,5,0,97,91,72,180,84,229,72,120,82,158,104,138,79,261,0,0,1,0,0,17,0,0,0,0,8,0,0,0,0,1,144,179,87,94,111,156,143,154,71,112,47,63,61,111,60,113,292,68,51,71,72,41,92,2,93,51,1,1,0,0,2,242,339,356,245,169,167,183,101,227,108,210,119,251,96,144,141,65,129,192,427,194,3,174,9,11,0,0,6,96,172,178,37,95,68,217,85,126,336,219,84,68,112,5,139,55,140,1,13,0,1,58,446,496,1,0,166,201,295,415,1,10,0,0,0,0,3,0,2,70,35,418,0,2,0,387,102,1,3,0,1,266,0,4,0,128,275,80,314,0,0,103,0,0,74,0,0,175
13,Atteintes à la dignité et à la  personnalité,1,0,50,22,20,30,30,54,15,37,34,49,17,21,0,0,6,21,2,7,0,0,0,2,417,107,54,109,69,40,8,3,7,78,11,19,22,173,0,0,34,61,11,11,19,1,0,4,0,4,0,0,0,0,6,103,52,34,27,11,65,16,37,66,53,238,197,224,3,0,217,33,19,6,25,23,103,32,55,19,22,22,91,22,0,53,14,5,0,0,5,159,18,9,48,4,0,14,60,0,0,0,160,11,115,0,116,24,33,25,21,99,98,53,114,17,16,73,0,0,0,1,49,0,0,0,0,61,1,0,0,2,168,52,11,1,0,0,6,5,595,9,16,0,0,4,2,4,424,40,2,0,1,2,285,31,49,21,1,0,0,0,0,0,2,164,12,55,43,0,128,0,0,0,340,33,31,21,37,18,14,33,88,15,0,0,197,56,27,37,22,6,2,0,353,11,48,1,0,0,239,47,17,38,25,9,2,118,35,23,0,0,63,14,6,29,0,202,71,43,22,19,58,0,0,0,1,193,32,17,9,57,10,10,8,0,18,24,88,24,0,0,2,0,0,0,174,36,26,13,37,140,38,44,1,2,0,1,0,1,0,3,47,253,105,86,338,19,46,664,166,88,0,0,1,68,32,55,27,23,13,0,0,0,1,0,138,13,4,15,87,68,30,74,319,11,10,51,6,0,0,0,0,164,3,2,23,0,0,0,0,0,0,94,48,29,18,11,41,0,1,0,1,0,1,0,146,0,2,0,0,0,1,401,24,29,0,3,0,170,52,26,9,3,1,1,0,7,1,0,0,5,36,88,2,2,3,899,0,32,0,39,42,32,10,206,0,0,2,19,9,52,1,0,0,2,39,44,30,4,0,2,0,0,0,2,0,4,0,0,404,0,3,0,22,1,0,0,1,1,22,0,543,8,2,42,18,36,35,70,24,84,45,109,73,87,118,85,181,120,101,125,102,194,0,3,1,3,0,0,0,0,0,0,2,252,12,53,13,180,0,0,5,104,71,47,22,15,27,71,89,66,13,45,52,40,13,49,5,1,2,174,110,1,113,131,0,55,0,18,98,73,86,0,0,0,1,34,6,1,28,184,52,3,23,3,4,44,0,0,0,3,175,32,35,45,53,45,0,0,37,16,31,129,46,25,1,119,23,0,2,130,40,7,22,77,53,71,0,1,23,40,29,48,27,83,41,39,33,55,26,67,33,114,0,4,0,0,1,49,0,0,12,0,1,0,0,0,0,1,63,63,19,61,52,86,35,36,28,22,20,37,22,48,32,38,99,35,19,39,34,24,34,0,40,17,0,0,0,2,1,55,67,74,70,39,49,47,22,55,23,64,22,67,41,45,43,18,34,35,142,39,3,48,17,8,0,0,1,44,45,23,23,48,22,109,20,33,110,73,24,23,41,2,39,25,33,0,2,0,0,36,104,127,0,0,46,43,69,89,0,2,0,0,0,0,1,1,1,10,12,60,2,0,0,58,30,0,1,0,0,73,0,3,0,15,64,15,77,1,0,18,0,0,19,0,0,61
14,Violations de domicile,0,1,4,1,5,6,7,14,12,18,4,6,5,9,0,0,2,13,0,0,0,0,0,0,173,36,20,32,22,15,6,2,3,23,1,6,5,35,0,0,9,18,5,3,14,0,0,0,0,0,0,0,0,0,0,24,20,5,17,0,16,7,17,15,8,93,71,109,0,0,44,18,15,2,4,5,28,5,23,6,14,8,13,5,0,7,3,1,0,0,0,38,1,8,12,1,0,7,16,0,0,0,31,13,22,0,17,6,8,13,4,19,21,13,56,2,1,20,0,1,0,0,17,0,0,0,0,9,0,0,0,0,68,15,2,0,0,0,2,0,222,3,3,0,0,0,0,0,204,15,0,0,0,1,93,9,23,11,0,0,0,0,0,0,0,33,5,11,5,0,37,0,0,0,35,13,11,2,10,4,10,7,18,3,0,0,61,12,8,9,6,0,0,0,143,6,6,0,0,0,35,18,1,16,6,0,0,13,11,3,0,0,13,3,4,6,0,61,11,3,8,8,8,0,0,0,0,34,7,4,1,11,2,0,1,0,1,5,31,5,0,0,0,0,0,0,51,11,3,3,7,22,6,13,0,0,0,0,0,0,0,0,13,50,35,22,88,2,8,135,52,45,0,0,0,10,4,22,16,3,3,0,0,0,0,0,20,2,0,3,17,9,8,25,68,3,6,12,3,0,0,0,0,34,1,0,6,0,0,0,0,0,0,27,21,17,5,6,11,0,0,0,0,0,0,1,36,0,0,0,0,0,0,106,13,5,0,0,0,58,10,5,9,0,0,0,0,0,0,0,0,0,12,15,0,0,1,177,0,17,0,8,7,20,5,56,0,0,0,7,2,14,0,0,0,0,15,40,11,0,0,0,0,0,0,0,0,1,0,0,0,0,0,0,0,0,0,0,0,0,0,0,2,0,0,10,10,9,5,28,8,29,24,54,40,14,32,9,40,62,51,91,48,72,0,1,0,0,0,0,0,0,0,0,0,92,8,8,6,38,0,0,0,28,13,13,7,8,18,19,30,20,3,16,16,25,3,20,1,0,1,39,46,0,24,34,0,30,0,5,24,17,35,0,0,0,0,11,4,0,13,39,8,1,1,4,2,14,0,0,0,0,98,17,21,11,18,15,0,0,18,17,8,40,10,5,0,28,9,0,0,30,4,0,1,18,14,6,0,0,16,12,7,21,13,41,7,11,5,13,19,29,7,33,0,0,0,0,0,0,0,0,0,0,0,0,0,0,0,0,21,22,9,22,17,26,9,22,10,11,10,6,5,9,8,18,25,14,5,10,12,15,8,0,9,2,0,0,0,0,0,40,42,59,49,33,58,31,10,33,21,46,20,28,8,22,21,8,14,25,76,20,0,24,1,0,0,0,0,15,23,24,8,16,8,28,29,18,55,12,6,13,24,0,16,9,11,0,0,0,0,1,51,40,0,0,13,32,53,27,0,1,0,0,0,0,0,0,0,6,10,57,0,0,0,35,16,0,0,0,0,43,0,0,0,19,35,4,49,0,0,6,0,0,19,0,0,20
15,Vols à main armée contre des établissements financiers,0,0,0,0,0,0,0,0,0,1,0,0,0,0,0,0,0,0,0,0,0,0,0,0,2,0,0,1,0,0,0,0,0,0,0,0,0,0,0,0,1,0,0,0,0,0,0,0,0,0,0,0,0,0,2,0,0,0,0,0,0,0,0,0,0,1,0,0,1,0,1,0,0,0,0,0,0,0,0,0,0,0,0,0,0,0,0,0,0,0,1,0,0,0,1,0,1,0,1,0,0,0,0,0,0,0,0,0,0,0,0,0,0,0,0,0,0,0,0,0,0,0,0,0,0,0,0,0,0,0,0,0,0,0,0,0,0,0,0,0,0,0,0,0,0,0,0,0,0,0,0,0,0,0,0,0,0,0,0,0,0,0,0,0,0,1,0,0,0,1,0,0,0,2,1,0,0,0,0,0,0,0,1,0,0,2,0,0,1,0,0,0,0,0,1,0,0,0,0,0,0,1,0,0,0,0,0,1,0,0,0,0,0,0,0,0,0,1,0,0,0,0,0,0,0,0,0,0,0,0,0,0,0,0,0,0,0,0,0,0,0,0,0,0,0,0,0,0,0,0,0,0,0,0,0,2,0,0,0,0,0,4,0,0,0,1,0,0,0,1,0,1,0,0,0,0,0,0,0,0,0,0,0,0,0,0,0,0,0,0,0,0,0,0,0,0,0,0,0,0,0,0,0,1,0,0,0,0,0,0,0,0,0,0,0,0,0,0,0,0,0,0,0,0,0,1,0,0,0,0,0,0,1,0,0,0,0,0,0,0,0,0,0,0,0,0,0,0,0,0,1,3,0,0,0,0,0,0,0,0,0,0,0,0,0,0,0,0,0,0,0,0,0,0,0,1,0,0,0,0,0,0,0,0,0,0,2,0,0,0,0,0,0,2,0,0,0,0,0,0,0,0,0,0,0,0,0,0,0,0,0,0,0,0,1,0,0,0,0,0,0,0,0,1,0,0,0,0,0,0,0,0,0,0,1,0,0,0,0,1,0,0,0,0,0,0,0,0,0,0,0,0,0,0,0,0,0,0,0,0,0,0,0,0,1,0,0,0,0,0,1,0,0,0,0,0,0,0,0,0,0,0,0,0,0,0,0,0,0,0,0,0,0,0,0,0,0,0,0,0,0,0,0,0,0,0,0,0,0,0,0,0,0,0,0,0,0,0,0,0,0,0,0,0,0,0,0,0,1,0,0,0,0,0,0,0,0,0,0,0,0,0,0,0,0,0,0,0,0,1,0,0,0,0,0,0,0,0,0,0,0,0,0,0,0,0,0,0,0,0,0,0,0,0,0,0,0,0,0,0,1,0,1,0,0,0,0,0,0,0,0,0,0,0,0,0,0,0,0,0,0,0,0,1,0,0,0,0,1,0,0,0,0,0,0,0,0,0,0,0,0,0,0,0,0,0,0,0,0,0,0,0,0,1,0,0,0,0,0,1,0,0,0,0,0,0,0,0,1,0,0,1,0,0,0,0,0,0,0,0,0,0,0,0,0,0,0,0,0,0,0,0,0,0,0,0,0,0
16,Vols à main armée contre des éts industriels ou commerciaux,0,0,0,0,0,0,2,3,1,1,1,1,0,2,0,0,0,0,0,0,0,0,0,3,7,8,1,1,0,0,2,0,0,1,0,0,0,1,0,0,2,0,0,0,1,0,0,0,0,0,0,0,0,0,32,4,1,0,0,0,3,0,3,0,0,5,5,6,27,0,2,0,0,0,0,0,1,0,2,0,0,0,2,0,0,1,0,0,0,0,2,2,0,0,0,0,0,1,0,0,0,0,6,0,3,0,4,4,0,0,2,0,0,1,5,0,0,0,0,0,0,6,5,0,0,0,0,4,0,0,0,0,4,1,0,0,0,0,0,5,11,0,1,0,0,0,0,16,15,0,0,0,0,4,12,1,2,1,0,0,0,0,0,0,3,6,0,0,0,3,4,0,0,0,11,0,0,1,0,1,0,0,0,0,1,0,11,2,1,2,0,0,0,0,8,0,5,0,0,0,1,1,0,0,1,0,0,1,4,1,0,0,2,1,0,0,0,4,1,0,0,0,0,0,0,0,1,1,0,0,0,1,0,0,0,0,0,0,2,3,0,0,0,0,0,0,0,0,2,0,0,3,2,2,0,0,0,0,0,0,0,7,1,1,3,0,2,0,1,18,7,8,0,0,0,0,3,2,2,1,0,0,0,0,0,0,0,0,0,0,1,5,0,1,6,0,0,0,0,0,0,0,4,7,0,0,2,0,0,0,0,0,1,1,3,0,0,1,3,0,0,0,0,0,0,1,1,0,0,0,0,0,2,4,0,0,0,0,0,1,2,0,0,0,0,0,0,0,0,0,0,12,0,4,0,0,0,36,0,0,0,0,1,0,0,5,0,0,0,4,0,4,0,0,0,0,1,1,1,0,0,0,0,0,0,17,22,15,0,0,0,0,0,3,0,0,0,0,0,0,0,0,0,0,0,2,0,1,0,2,0,0,0,1,0,1,1,0,0,0,2,1,0,1,0,0,0,0,0,0,0,0,0,0,1,4,0,0,0,4,1,0,0,3,3,2,2,0,2,2,3,5,0,1,4,4,1,2,0,0,10,1,3,0,2,3,0,3,0,0,4,0,1,0,0,0,0,1,0,0,0,1,1,0,2,1,0,2,0,0,0,3,1,3,2,1,0,2,0,0,3,0,2,1,0,0,1,1,0,0,3,0,1,1,0,0,1,5,0,0,1,1,0,1,1,1,1,2,1,4,1,4,0,4,0,0,0,0,0,0,0,0,0,0,0,2,0,0,0,2,4,0,2,1,6,2,5,2,1,0,0,0,0,0,0,1,0,1,1,0,0,0,1,2,2,0,0,0,0,0,0,3,3,2,3,0,0,4,1,1,0,4,2,1,2,0,3,0,1,8,3,0,0,4,0,0,0,0,29,0,1,0,1,0,5,3,1,3,10,1,0,1,1,0,2,0,1,0,0,0,0,0,4,8,0,0,3,3,6,2,0,2,0,0,0,0,0,0,14,0,1,68,0,0,0,9,5,0,0,0,0,9,0,0,0,0,2,0,2,0,0,1,0,0,0,0,0,0
17,Vols à main armée contre des entreprises de transports de fonds,0,0,0,0,0,0,0,0,0,0,0,0,0,0,0,0,0,0,0,0,0,0,0,0,0,0,0,0,0,0,0,0,0,0,0,0,0,0,0,0,0,0,0,0,0,0,0,0,0,0,0,0,0,0,0,0,0,0,0,0,0,0,0,0,0,0,1,0,0,0,0,0,0,0,0,0,0,0,0,0,0,0,0,0,0,0,0,0,0,0,0,0,0,0,0,0,0,0,0,0,0,0,0,0,0,0,0,0,0,0,0,0,0,0,0,0,0,0,0,0,0,0,0,0,0,0,0,0,0,0,0,0,0,0,0,0,0,0,0,0,0,0,0,0,0,0,0,0,0,0,0,0,0,0,0,0,0,0,0,0,0,0,0,0,0,0,0,0,0,0,0,0,0,0,0,0,0,0,0,0,0,0,0,0,0,1,0,0,0,1,0,0,0,0,0,0,0,0,0,0,0,0,0,0,0,0,0,0,0,0,0,0,0,0,0,0,0,0,0,0,0,0,0,0,0,0,0,0,0,0,0,0,0,0,0,0,0,0,0,0,0,0,0,0,0,0,0,0,0,0,0,0,0,0,0,0,0,0,0,0,0,0,0,0,0,0,0,0,0,0,0,0,0,0,0,0,0,0,0,0,0,0,0,0,0,0,0,0,0,0,0,0,0,0,0,0,0,0,0,0,0,0,0,0,0,0,0,0,0,0,0,0,0,0,0,0,0,0,0,0,0,0,0,0,0,0,0,0,0,0,0,0,0,0,0,0,0,0,0,0,0,0,0,0,0,0,0,0,0,0,0,4,0,0,0,0,0,1,0,0,0,0,0,0,0,0,0,0,0,0,0,0,0,0,0,0,0,0,0,0,0,0,0,0,0,0,1,0,0,0,0,0,0,0,0,0,0,0,0,0,0,0,0,0,0,0,0,0,0,0,0,0,0,0,0,0,0,0,0,0,0,1,0,0,0,0,0,0,0,0,0,0,0,0,0,0,0,0,0,0,0,0,0,0,0,0,0,0,0,0,0,0,0,0,0,0,0,0,0,0,0,0,0,0,0,0,0,0,0,0,0,0,0,0,0,0,0,0,0,0,0,0,0,0,0,0,0,0,0,0,0,0,0,0,0,0,0,0,0,0,0,0,0,0,0,0,0,0,0,0,0,0,0,0,0,0,0,0,0,0,0,0,0,0,0,0,0,0,0,0,0,0,0,0,0,0,0,0,0,0,0,0,0,0,0,1,0,0,0,0,0,0,0,0,0,0,0,0,0,0,0,0,0,0,0,0,0,0,1,0,0,0,1,0,0,0,0,0,0,0,0,0,0,0,0,0,0,0,0,0,0,0,0,0,0,0,0,0,0,1,0,0,0,0,0,0,0,0,1,0,0,0,0,0,0,0,0,0,1,0,0,0,0,0,0,0,0,0,0,0,0,0,0,1,0,0,0,0,0,0,0,0,0,0,0,0,0,0,0,0,0,0,0,0,0,0,0,0,0,0,0,0,0,0,0,0,0,0,0,0,0,0,0,0,0,0,0,0
18,Vols à main armée contre des particuliers à leur domicile,0,0,0,0,0,0,0,0,0,0,0,0,0,0,0,0,0,0,0,0,0,0,0,4,3,0,0,3,1,0,0,0,0,1,0,0,0,0,0,0,1,0,0,0,1,0,0,0,0,0,0,0,0,0,23,1,0,1,0,0,0,0,1,0,1,6,2,1,6,0,2,0,0,0,0,0,0,0,0,0,0,0,0,3,0,0,0,0,0,0,0,1,0,0,0,0,0,0,0,0,0,0,3,0,0,1,0,0,0,0,0,0,0,0,1,0,0,1,0,0,0,0,0,0,0,0,0,0,0,0,0,1,1,1,0,0,0,0,0,1,3,0,0,0,0,0,0,1,5,0,0,0,0,1,3,1,2,0,0,0,0,0,0,0,6,1,0,0,0,0,6,0,0,0,3,0,0,0,0,0,0,0,2,1,0,0,1,0,0,0,0,0,0,0,3,0,1,0,0,1,2,0,0,0,0,0,0,1,0,0,0,0,0,0,0,0,0,1,0,1,0,0,0,0,0,0,0,2,0,0,0,0,0,0,0,0,0,0,1,0,0,0,0,0,0,0,0,0,0,0,0,0,0,0,0,0,0,0,0,0,0,0,0,3,2,1,3,0,0,10,5,1,0,0,0,0,1,1,0,0,0,0,0,0,0,0,1,0,0,0,1,0,0,1,6,0,0,1,0,0,0,0,1,6,0,0,0,0,0,0,0,0,0,0,0,0,0,0,0,0,0,0,0,0,0,1,0,0,0,0,0,0,1,0,0,1,0,0,0,3,1,1,0,0,0,0,0,0,0,0,0,0,2,0,0,0,0,10,0,1,0,1,0,0,0,1,0,0,0,1,0,0,0,0,0,0,0,0,0,0,0,0,0,0,0,8,13,8,0,0,0,0,0,1,0,0,0,0,0,0,0,0,0,0,0,0,0,0,0,0,1,0,0,0,1,1,0,0,0,0,0,0,0,0,0,0,0,0,0,0,0,0,0,0,1,1,0,0,0,0,0,0,0,0,2,0,0,1,1,1,3,0,0,0,1,1,0,1,0,0,0,1,3,0,1,1,0,0,0,0,0,0,1,0,0,0,0,0,0,0,0,1,0,0,0,0,0,3,0,0,0,2,4,0,2,0,0,1,0,0,0,0,1,1,0,0,0,1,0,0,0,2,0,1,0,1,0,1,0,0,1,1,1,5,0,1,1,1,0,0,0,1,1,3,0,0,0,0,0,0,0,0,0,0,0,0,0,0,0,1,1,0,1,0,0,0,1,1,2,0,0,0,1,0,1,0,0,2,0,0,0,0,1,0,0,0,0,0,0,0,1,1,2,1,1,0,2,0,2,1,1,0,0,0,2,0,0,1,0,1,1,1,0,0,0,0,0,0,16,0,2,0,0,2,1,0,0,1,0,1,0,1,0,0,1,1,1,0,0,0,0,0,4,2,0,0,3,2,1,4,0,0,0,0,0,0,0,0,8,1,1,21,0,0,0,3,1,0,0,0,0,6,0,0,0,1,1,0,0,0,0,0,0,0,0,0,0,0
19,Autres vols à main armée,0,0,0,0,1,0,1,3,1,0,0,1,0,1,0,0,0,0,0,0,0,0,0,1,8,1,2,5,0,0,0,0,0,0,0,0,0,0,0,0,3,2,0,0,0,1,0,0,0,0,0,0,0,0,5,8,2,1,0,1,9,1,3,0,0,20,30,10,17,0,2,0,0,0,0,0,0,0,5,0,0,0,1,1,0,0,0,0,0,0,0,1,1,0,2,0,0,0,0,0,0,0,1,0,3,0,0,4,1,0,3,0,0,0,2,0,1,1,0,0,0,1,3,0,0,0,0,1,0,0,0,0,4,1,0,0,0,0,0,0,15,0,0,0,0,0,0,1,16,1,0,0,0,0,9,1,1,1,0,0,0,0,0,0,1,7,0,1,0,0,2,0,0,0,17,2,1,0,0,0,0,0,0,0,2,0,4,0,0,1,1,0,0,0,19,0,0,0,0,0,4,2,0,0,0,0,0,5,1,0,0,0,0,0,0,0,0,4,0,0,0,0,1,0,0,0,0,0,0,0,0,0,0,0,0,0,0,0,0,0,0,0,0,0,0,0,3,0,0,0,0,1,0,0,0,0,0,0,0,0,0,2,0,1,3,0,6,1,2,18,5,5,0,0,0,1,1,4,1,1,0,1,0,0,0,1,0,0,1,0,0,2,0,3,8,1,0,0,0,0,0,0,0,4,0,0,0,0,0,0,0,0,0,0,1,1,0,0,0,0,0,0,0,0,0,0,3,0,0,0,0,0,1,5,0,0,0,0,0,0,1,0,0,3,0,0,0,1,0,0,0,4,0,2,0,0,0,16,0,0,0,0,0,0,0,2,0,0,0,1,0,4,0,0,0,0,0,1,0,0,0,0,0,0,0,14,10,6,0,0,0,0,0,1,0,0,0,0,0,0,0,0,1,0,0,1,0,1,1,1,1,0,0,2,1,1,3,0,2,3,4,1,0,2,0,0,0,0,0,0,0,0,0,0,2,4,0,1,0,5,0,0,0,3,2,0,3,2,1,3,3,0,0,2,2,4,0,0,0,0,0,0,4,0,3,4,0,1,0,0,3,0,2,0,0,0,1,1,1,0,0,2,1,0,1,1,0,1,0,0,0,2,7,2,1,0,2,1,0,0,0,0,1,2,1,0,0,2,0,0,0,0,0,0,0,2,2,1,0,0,5,0,2,4,2,6,1,2,2,3,1,3,2,2,1,0,0,0,0,0,0,0,0,0,0,1,0,0,0,3,1,2,1,2,0,1,3,6,0,4,0,0,1,0,0,1,4,1,2,0,0,1,2,0,0,0,0,0,0,0,1,5,9,2,6,2,1,4,1,6,4,4,4,6,3,4,2,0,2,10,5,4,2,3,0,0,0,0,12,3,5,2,0,4,3,3,1,4,6,3,5,0,4,1,0,1,4,0,1,0,0,0,4,14,0,0,3,3,11,8,0,0,0,0,0,0,0,0,8,2,1,144,0,0,0,79,35,0,0,0,0,124,0,0,0,1,1,0,1,0,0,0,0,0,1,0,0,0
20,"Vols avec armes blanches contre des établissements financiers,commerciaux ou industriels",0,0,0,0,0,0,0,4,0,0,0,0,0,0,0,0,0,0,0,0,0,0,0,0,3,0,0,0,0,1,0,0,0,1,0,0,0,0,0,0,2,0,0,1,0,0,0,0,0,0,0,0,0,0,1,3,0,1,0,0,2,1,0,1,0,7,3,4,7,0,5,0,0,0,0,0,1,0,0,1,1,0,0,0,0,0,0,0,0,0,0,4,0,1,0,0,0,0,3,0,0,0,2,0,1,0,0,1,0,0,0,1,0,2,5,0,0,0,0,0,0,0,1,0,0,0,0,1,0,0,0,0,2,0,0,0,0,0,0,0,17,0,0,0,0,0,0,0,9,0,0,0,0,0,3,0,1,0,0,0,0,0,0,0,0,1,0,0,0,0,4,0,0,0,7,2,1,1,0,0,1,0,2,0,0,0,2,0,1,1,0,0,0,0,8,1,0,0,0,0,0,0,1,0,0,0,0,2,0,0,0,0,0,0,0,0,0,2,1,0,0,0,3,0,0,0,0,4,0,0,0,1,0,0,0,0,0,0,2,0,0,0,0,0,0,0,0,0,2,0,0,5,0,0,0,0,0,0,0,0,0,0,1,3,6,6,1,1,1,5,5,2,0,0,0,3,2,1,0,0,0,0,0,0,0,0,1,0,0,0,0,4,0,2,2,0,0,1,1,0,0,0,0,3,0,0,1,0,0,0,0,0,0,1,0,0,1,0,2,0,0,0,0,0,0,0,2,0,0,0,0,0,0,3,0,0,0,0,0,4,0,0,0,0,0,0,0,0,0,0,0,0,1,1,0,0,0,32,0,1,0,0,0,1,0,2,0,0,0,0,0,0,0,0,0,0,0,0,0,0,0,0,0,0,0,0,2,2,0,0,0,0,0,0,0,0,0,0,0,0,0,0,0,0,0,1,2,1,0,3,0,2,3,1,6,5,3,3,1,1,3,4,3,8,0,0,0,0,0,0,0,0,0,0,3,4,0,0,0,6,0,0,0,4,2,1,3,0,0,0,6,1,0,1,2,2,0,2,0,0,0,2,1,0,2,0,0,1,0,1,0,0,0,0,0,0,0,0,0,0,0,2,1,0,0,0,1,0,0,0,0,0,0,0,2,1,0,0,0,0,0,1,1,2,1,0,0,0,0,0,0,0,0,0,4,0,0,0,0,0,0,0,0,2,1,1,1,0,0,2,0,0,0,1,0,0,0,0,0,0,0,0,0,0,0,0,0,0,0,0,1,2,2,1,2,1,2,1,0,1,0,0,0,0,1,2,2,0,1,1,0,0,0,0,0,0,0,0,0,0,0,1,3,3,9,1,1,3,0,2,3,0,1,6,1,0,0,0,3,1,2,1,2,3,0,0,1,0,2,0,1,1,1,2,4,5,2,1,1,2,0,1,1,0,5,0,0,0,0,0,0,0,4,1,0,0,1,1,2,2,0,0,0,0,0,0,0,0,0,0,0,3,0,0,0,1,2,0,0,0,0,1,0,0,0,0,0,0,0,0,0,2,0,0,0,0,0,0
21,Vols avec armes blanches contre des particuliers à leur domicile,0,0,0,0,0,0,0,1,0,1,0,3,0,1,0,0,1,0,0,0,0,0,0,1,3,0,1,3,0,1,0,0,0,0,0,0,0,2,0,0,0,1,0,0,0,0,0,0,0,0,0,0,0,0,1,2,0,1,0,0,0,2,2,0,2,2,5,5,1,0,1,0,0,0,0,0,1,0,1,0,1,0,2,0,0,0,0,0,0,0,0,0,0,0,0,0,0,1,0,0,0,0,1,0,2,0,2,1,0,2,0,1,3,0,0,0,0,1,0,0,0,0,1,0,0,0,0,0,0,0,0,0,1,0,0,0,0,0,0,0,11,0,0,0,0,0,0,2,9,0,0,0,0,0,16,0,0,1,0,0,0,0,0,0,3,5,0,0,0,0,4,0,0,0,4,0,0,0,0,0,0,0,0,0,0,0,2,1,0,0,0,0,0,0,8,1,3,0,0,0,1,0,0,1,0,0,0,0,0,0,0,0,1,0,0,0,0,5,1,0,0,0,1,0,0,0,0,2,0,0,0,3,0,0,0,0,0,0,1,0,0,0,0,0,0,0,2,0,0,0,0,5,0,1,0,0,0,0,0,0,0,2,1,4,3,2,3,0,1,8,4,3,0,0,0,1,2,0,0,0,0,0,0,0,0,0,1,0,0,0,0,1,0,0,5,0,0,1,0,0,0,0,1,1,0,0,0,0,0,0,0,0,0,1,1,0,1,0,0,0,0,0,0,0,0,0,0,0,0,0,0,0,0,6,0,0,0,0,0,4,0,0,0,0,0,0,0,0,0,0,0,0,0,0,0,0,0,10,1,0,0,0,0,1,1,4,0,0,0,0,0,2,0,0,0,0,0,1,1,0,0,0,0,0,0,5,8,1,0,0,0,0,0,0,0,0,0,0,0,0,0,0,0,0,0,0,0,1,0,0,0,1,0,3,1,2,1,1,2,0,11,2,0,3,0,0,0,0,0,0,0,0,0,0,0,6,0,0,2,1,0,0,0,1,1,0,0,0,1,2,0,0,0,1,2,3,0,1,1,0,0,0,2,0,0,0,0,1,0,0,0,0,1,0,0,0,0,0,0,0,0,6,0,0,1,0,0,1,0,0,0,0,5,2,1,0,0,0,0,0,2,0,0,2,1,0,0,2,1,0,0,2,0,0,0,1,1,2,0,0,0,1,0,0,0,1,0,0,0,2,1,0,0,1,0,0,0,0,0,0,0,0,0,0,0,0,0,0,0,0,0,1,0,0,0,0,0,0,0,0,3,0,0,0,0,0,0,0,0,1,0,1,0,0,0,0,0,0,0,0,0,3,2,3,1,1,2,1,0,3,0,4,2,0,0,0,2,1,1,3,4,0,1,2,0,0,0,0,6,0,0,1,0,2,1,1,2,0,4,0,0,1,0,0,2,0,0,0,0,0,0,0,3,3,0,0,1,0,2,1,0,0,0,0,0,0,0,0,1,1,0,2,0,0,0,0,0,0,0,0,0,2,0,0,0,1,1,0,0,0,0,21,0,0,0,0,0,1
22,Autres vols avec armes blanches,0,0,0,0,2,0,3,5,4,0,2,0,0,3,0,0,0,2,0,0,0,0,0,0,29,10,3,13,0,0,0,0,0,1,0,0,1,6,0,0,2,4,0,1,1,2,0,0,0,0,0,0,0,0,0,16,1,8,4,0,2,7,7,4,2,137,128,84,7,0,12,0,0,0,0,1,4,0,9,0,2,0,2,1,0,0,0,0,0,0,0,15,0,1,5,0,0,1,0,0,0,0,17,0,6,0,6,3,4,2,2,4,13,3,18,1,0,5,0,0,0,0,2,0,0,0,0,1,0,0,0,0,20,1,2,0,0,0,2,0,87,0,3,0,0,0,0,0,59,2,0,0,0,0,97,5,9,7,0,0,0,0,0,0,1,29,0,3,2,0,18,0,0,0,96,0,1,1,0,1,2,1,4,2,0,0,17,0,3,2,1,0,0,0,108,1,3,0,0,1,16,1,1,2,3,0,1,4,1,1,0,0,1,0,0,1,0,12,2,0,1,5,1,1,0,0,0,12,1,1,0,4,1,0,0,0,1,2,5,2,0,0,0,0,0,0,14,2,1,1,1,5,0,6,0,0,0,0,0,0,0,0,1,9,11,2,10,1,6,102,24,16,0,0,0,5,3,8,1,0,0,0,0,0,0,0,4,0,0,1,0,1,1,8,24,0,0,1,1,0,0,0,0,21,0,1,1,0,0,0,0,0,0,0,3,2,2,0,5,0,0,0,0,0,0,0,22,0,0,0,0,0,0,34,0,1,0,0,0,16,5,0,1,0,0,0,0,0,0,0,0,0,1,1,1,1,0,127,1,0,0,4,1,0,0,19,0,0,0,2,1,13,0,0,0,0,3,4,0,0,0,0,0,0,0,7,1,2,0,0,0,0,0,1,0,0,0,0,0,0,0,0,30,0,0,15,6,6,8,13,7,14,11,38,20,24,30,15,42,25,27,65,45,31,0,2,0,0,0,0,0,0,0,0,0,50,2,0,0,17,0,0,0,17,12,0,2,3,3,4,25,3,0,2,12,14,2,8,0,0,0,5,24,0,7,8,0,3,0,4,10,11,6,0,0,1,0,2,0,0,1,16,2,0,4,0,0,6,0,0,0,0,25,1,2,1,8,0,0,0,5,1,5,7,3,0,0,12,2,0,0,10,3,0,2,5,3,2,0,0,9,6,3,4,3,12,8,2,8,8,6,8,3,7,0,0,0,0,0,0,0,0,0,0,0,0,0,0,0,0,9,21,6,10,6,4,9,12,6,5,6,7,1,9,4,8,10,9,2,3,1,4,2,3,1,4,0,1,0,0,1,21,21,21,20,8,8,5,7,24,10,13,15,15,7,3,3,5,10,42,86,22,0,11,0,0,0,0,4,4,9,2,4,5,10,18,6,10,10,6,3,5,4,1,12,10,12,0,3,0,0,0,35,64,0,0,19,13,37,54,0,0,0,0,0,0,0,0,1,8,2,99,0,1,0,36,12,0,0,0,1,110,0,0,0,2,7,11,10,0,0,66,0,0,1,0,0,3
23,"Vols violents sans arme contre des établissements financiers,commerciaux ou industriels",0,0,0,0,0,1,0,3,0,0,0,1,0,2,0,0,0,3,0,0,0,0,0,0,7,2,0,2,0,0,0,1,0,1,0,0,0,0,0,0,2,3,0,0,1,0,0,0,0,1,0,0,0,0,1,1,0,0,0,0,0,0,0,3,1,6,3,2,2,0,2,0,0,0,0,0,2,0,0,0,0,0,0,1,0,1,0,0,0,0,0,4,0,0,2,0,0,0,0,0,0,0,10,1,2,0,1,0,0,0,3,3,0,3,1,0,1,1,0,0,0,0,2,0,0,0,0,0,0,0,0,0,0,5,0,0,0,0,1,0,16,0,1,0,0,0,0,0,16,0,0,0,0,0,8,1,3,0,0,0,0,0,0,0,0,16,0,1,0,0,8,0,0,0,15,0,1,0,1,0,1,0,2,0,0,0,11,0,1,2,0,0,0,0,6,0,2,0,0,0,6,1,0,1,1,0,0,4,1,2,0,0,2,0,0,0,0,5,1,0,0,1,0,0,0,0,0,8,0,0,0,2,0,0,0,0,2,1,1,0,0,0,0,0,0,0,3,2,0,0,3,1,1,4,0,0,0,0,0,0,0,0,1,1,2,3,2,0,1,13,4,2,0,0,0,2,2,4,2,0,0,0,0,0,0,0,0,1,0,0,1,2,0,2,8,0,0,0,0,0,0,0,0,12,1,0,1,0,0,0,0,0,0,2,2,1,1,0,0,0,0,0,1,0,0,0,4,0,0,0,0,0,0,20,0,2,0,0,0,1,3,0,3,0,0,0,0,0,0,0,0,2,2,1,0,0,0,31,0,0,0,3,1,1,0,2,0,0,0,1,1,3,0,0,0,0,2,3,0,0,0,0,0,0,0,0,0,0,0,0,0,0,0,0,0,0,0,0,0,0,0,0,1,0,0,2,4,3,5,6,0,2,3,2,8,7,4,6,3,2,4,6,3,5,0,0,0,0,0,0,0,0,0,0,1,8,1,0,0,7,0,0,0,0,1,2,0,0,4,0,5,2,0,0,1,1,1,2,0,0,0,2,2,0,3,3,0,3,0,0,1,1,0,0,0,0,0,0,0,0,1,4,4,0,0,0,0,1,0,0,0,0,5,0,1,0,0,1,0,0,0,1,0,6,1,0,0,2,0,0,0,1,1,0,1,0,0,6,0,0,1,0,1,2,1,3,2,1,1,1,1,5,2,0,0,0,0,0,0,0,0,0,0,0,0,0,0,0,0,0,0,1,0,0,1,1,1,3,0,1,0,0,1,0,1,2,1,1,0,0,0,0,1,0,0,0,0,0,0,0,0,6,2,0,1,1,3,6,1,4,1,1,2,5,0,0,2,0,5,1,5,2,0,6,0,0,0,0,1,1,1,1,2,2,1,6,1,0,2,2,0,1,2,0,0,0,1,0,0,0,0,0,2,7,0,0,1,0,0,5,0,0,0,0,0,0,0,0,0,0,0,1,0,0,0,2,4,0,0,0,0,1,0,0,0,1,1,1,0,0,0,4,0,0,1,0,0,5
24,Vols violents sans arme contre des particuliers à leur domicile,0,0,2,0,1,1,1,4,1,1,2,4,0,0,0,0,0,2,0,0,0,0,0,1,13,8,3,3,1,0,0,0,0,6,1,0,0,2,0,0,2,4,0,0,0,0,0,0,0,0,0,0,0,0,0,6,0,1,1,1,2,0,2,1,2,15,7,8,3,0,8,1,1,0,0,0,3,1,3,2,0,2,3,4,0,3,1,0,0,0,0,10,0,0,6,2,0,2,2,0,0,0,4,0,5,0,1,2,0,4,3,1,0,0,6,0,7,1,0,0,0,0,0,0,0,0,0,0,0,0,0,0,8,1,1,0,0,0,1,0,18,0,0,0,0,0,0,0,16,1,0,0,0,0,15,3,6,5,0,0,0,0,0,0,0,6,1,1,1,0,11,0,0,0,5,2,1,2,1,2,3,2,2,2,0,0,1,3,1,1,4,0,0,0,18,0,1,0,0,1,15,4,2,5,2,0,0,6,2,6,0,0,1,0,0,1,1,7,2,2,0,4,1,0,0,0,0,12,0,0,1,2,0,0,0,0,0,0,6,0,0,0,0,0,0,0,1,0,0,0,1,4,0,3,0,0,0,0,0,0,0,1,5,11,9,8,19,0,2,26,13,8,0,0,0,2,4,4,4,1,0,0,0,0,0,0,4,1,1,0,8,7,5,7,21,1,2,6,0,0,0,0,0,13,0,0,1,0,0,0,0,0,0,9,0,0,0,0,4,0,0,0,0,0,1,0,5,0,0,0,0,0,0,15,0,0,0,0,0,16,5,0,2,0,0,0,0,0,0,0,0,0,2,2,0,0,0,38,6,2,0,2,2,2,0,7,0,0,0,1,0,7,0,0,0,0,2,8,0,1,0,0,0,0,0,7,13,6,0,0,0,0,0,0,0,0,0,0,0,0,0,0,0,0,0,0,0,1,7,4,3,10,4,9,12,5,3,3,6,5,7,7,10,2,0,0,0,0,0,0,0,0,0,0,3,24,2,3,0,6,0,0,0,2,3,0,1,1,1,0,6,1,0,0,1,1,1,3,1,0,4,2,5,0,1,2,0,3,0,1,2,2,3,0,0,0,2,3,0,1,2,5,0,0,6,0,0,2,0,0,0,0,12,1,2,1,0,2,0,0,1,4,4,4,4,1,0,4,3,0,0,3,3,5,1,2,0,5,0,0,10,0,2,0,1,5,2,2,0,2,2,0,0,1,1,0,0,0,0,0,0,0,0,0,0,0,0,0,0,0,0,4,1,1,1,1,0,4,3,0,1,1,0,0,1,1,0,1,1,1,1,2,0,2,3,0,0,0,0,0,0,7,5,1,3,2,3,2,1,3,2,1,3,5,2,1,2,0,3,2,12,5,0,5,0,0,0,0,0,2,3,1,1,4,2,0,1,8,3,2,0,1,1,1,4,1,2,0,0,0,0,0,2,1,0,0,3,2,6,7,0,2,0,0,0,0,0,0,1,0,0,2,0,0,0,2,1,0,0,0,0,2,0,0,0,0,4,0,5,0,0,7,0,0,1,0,0,12
25,Vols violents sans arme contre des femmes sur voie publique ou autre lieu public,0,0,19,8,4,9,14,27,6,11,15,13,6,12,0,0,3,12,0,1,0,0,0,0,413,64,54,87,18,29,9,4,1,33,5,0,3,75,0,0,16,48,2,9,5,2,0,0,0,4,0,0,0,0,1,167,52,58,20,17,35,27,102,44,21,353,385,522,3,0,100,8,5,1,4,8,48,4,58,16,14,9,23,13,0,14,0,0,0,0,0,80,4,2,50,2,0,7,10,0,0,0,91,1,29,0,82,31,19,14,22,57,26,34,127,2,4,24,0,0,0,0,23,0,0,0,0,18,0,0,0,0,185,21,4,0,0,0,0,0,926,1,12,0,0,0,0,0,572,5,0,0,0,0,704,24,83,55,0,0,0,0,0,0,0,169,6,9,18,0,156,0,0,0,525,23,17,9,6,4,17,22,27,1,0,0,205,18,30,38,7,0,0,0,294,5,41,0,0,0,145,16,9,41,11,1,0,63,8,10,0,0,16,0,5,1,0,182,30,6,12,13,24,0,0,0,0,44,4,2,3,27,4,3,7,0,1,7,39,17,0,0,0,0,0,0,143,12,5,0,7,28,14,15,0,1,0,0,0,0,0,0,11,55,118,48,129,8,27,949,275,152,0,0,0,49,48,78,5,3,1,0,0,0,0,0,28,2,0,3,23,46,10,48,126,3,2,7,2,0,0,0,0,123,0,1,8,0,0,0,0,0,0,48,25,21,7,8,47,0,0,0,0,0,0,0,204,0,0,0,0,0,0,215,6,7,0,0,0,60,29,13,7,2,0,0,0,3,0,0,0,0,5,19,1,0,2,1291,0,12,0,28,10,10,2,103,0,0,1,12,3,39,0,0,0,0,32,42,23,0,0,0,0,0,0,2,4,1,0,0,0,0,0,0,1,0,0,0,0,0,0,0,477,0,0,245,139,51,131,307,95,282,294,178,455,311,288,173,320,328,477,766,513,587,0,3,0,0,0,0,0,0,0,0,0,305,6,12,6,179,0,0,0,136,90,69,11,22,50,51,128,22,9,22,170,107,6,105,0,0,0,107,172,0,115,99,0,47,0,7,131,59,121,0,0,0,0,15,1,0,12,112,22,5,17,3,3,30,0,0,0,0,199,8,51,34,36,22,0,0,12,15,13,93,19,12,0,82,9,0,0,41,15,3,9,14,12,28,0,0,53,31,31,59,60,115,7,56,44,65,24,78,14,156,1,0,0,0,0,0,0,0,0,0,0,0,0,0,0,0,125,159,56,116,80,48,111,120,53,124,98,161,35,121,42,143,175,100,56,69,42,44,56,0,50,77,0,1,0,0,0,470,336,333,175,44,193,229,108,346,224,242,100,237,114,88,191,70,95,396,1021,170,0,181,0,2,0,0,0,94,63,110,64,62,42,194,78,121,245,170,90,77,59,0,92,45,224,0,3,0,0,18,250,350,0,0,160,235,239,469,0,0,0,0,0,0,0,0,0,24,5,161,0,0,0,106,12,0,0,0,0,371,0,0,0,17,29,12,114,0,0,179,0,0,24,0,0,25
26,Vols violents sans arme contre d'autres victimes,0,0,33,4,10,8,18,25,8,13,10,27,11,18,0,0,1,17,0,5,0,0,0,0,528,77,59,123,23,35,7,6,7,54,5,4,7,111,0,0,24,52,2,6,12,1,0,0,0,6,0,0,0,0,0,163,49,75,18,12,42,27,95,44,22,530,402,666,6,0,201,7,4,4,7,10,70,11,76,15,12,22,42,33,0,20,3,1,0,0,1,104,6,9,70,5,0,8,38,0,0,0,111,5,62,0,77,37,17,24,27,69,58,35,194,5,14,38,0,0,0,0,23,0,0,0,0,14,0,0,0,0,171,42,2,0,0,0,5,0,919,2,11,1,0,0,0,0,862,17,0,0,0,0,716,45,72,63,0,0,0,0,0,0,1,338,9,19,23,2,241,0,0,0,466,17,20,17,6,8,19,23,61,8,0,0,226,13,25,37,16,0,1,0,551,7,66,0,0,0,200,43,11,32,9,4,0,107,26,7,0,0,22,1,5,4,1,205,64,21,5,13,40,0,0,0,0,126,4,1,4,30,10,1,5,0,5,12,61,27,1,0,0,0,0,0,175,14,19,2,13,50,22,20,2,3,0,0,0,0,0,0,21,103,139,62,182,6,51,1239,284,158,0,1,0,71,49,73,20,3,3,0,0,0,0,0,44,4,3,15,39,66,21,87,209,6,9,21,3,0,0,0,0,223,0,1,9,0,0,0,0,0,0,68,48,23,13,9,51,0,0,0,0,0,0,0,141,0,0,0,0,0,0,252,9,4,0,0,0,100,47,14,7,2,0,0,0,1,0,0,0,0,10,32,9,6,9,1428,9,5,0,39,23,6,3,208,0,0,1,8,6,79,0,0,0,0,54,58,16,0,0,0,0,0,0,13,5,1,0,0,1,0,0,0,0,0,0,0,0,0,0,0,463,0,0,256,154,122,136,240,113,295,238,351,343,343,312,183,365,327,461,783,621,495,0,14,0,2,0,0,0,0,0,0,0,417,9,17,8,208,0,0,0,128,96,60,13,26,52,76,153,19,9,24,152,71,15,89,1,0,0,117,173,0,120,113,0,41,0,19,160,62,127,0,0,0,0,34,4,0,15,174,37,2,27,4,1,39,0,0,0,0,277,19,67,43,72,21,0,0,18,7,8,124,30,9,0,73,12,0,0,48,32,4,7,32,15,37,2,0,62,57,57,57,52,236,20,73,43,99,39,68,34,156,0,0,0,0,0,0,0,0,0,0,0,0,1,0,0,0,88,140,45,135,56,71,121,143,98,125,84,138,46,115,27,97,171,64,49,53,41,20,66,1,76,71,0,1,0,0,0,515,347,267,172,57,192,191,67,357,163,230,125,235,110,100,146,83,132,312,784,172,1,183,0,2,0,0,1,65,71,109,74,75,74,154,81,133,218,120,75,106,65,3,111,60,86,0,7,0,0,24,215,414,0,1,187,198,249,586,0,2,0,0,0,0,0,0,3,27,8,197,0,0,0,175,56,0,0,0,1,402,0,0,0,30,112,64,253,0,0,236,0,0,46,0,0,71
27,Cambriolages de locaux d'habitations principales,0,0,178,57,39,89,105,202,42,266,105,204,28,115,0,0,6,147,0,1,0,0,0,5,2563,550,403,533,205,150,92,80,14,170,38,27,132,400,0,0,352,317,30,71,89,3,0,0,0,0,0,1,0,0,2,954,231,244,205,77,442,218,394,350,244,1590,1161,1955,11,0,559,46,26,42,48,74,448,69,323,111,159,132,351,196,0,126,22,10,0,0,0,516,34,50,362,50,0,205,300,0,0,0,378,32,177,0,514,333,152,114,91,163,229,159,413,40,31,130,0,0,0,0,61,0,0,1,0,99,0,0,0,0,1062,247,66,1,0,0,3,2,4880,55,98,0,0,0,1,1,3422,163,0,0,0,0,2144,119,469,328,0,0,0,0,0,0,2,728,40,149,239,0,584,0,0,0,2437,108,138,97,55,34,104,98,270,37,0,1,850,206,205,421,84,0,0,0,2783,188,355,0,0,2,1173,239,124,223,248,42,1,467,125,65,0,0,94,15,38,26,0,691,208,81,44,85,141,0,0,0,0,555,69,42,30,200,46,34,25,0,40,61,297,172,0,0,0,0,0,0,709,81,82,34,39,397,228,155,0,1,0,0,1,1,0,3,169,571,590,428,1053,23,180,3522,1719,1017,0,0,0,141,133,189,123,14,29,0,0,0,1,1,177,48,13,44,246,482,175,181,1478,45,54,91,27,0,0,0,0,1355,33,30,144,0,0,0,0,1,2,586,330,109,143,40,377,0,0,0,0,1,0,0,723,0,0,0,0,0,3,932,41,55,1,0,0,441,156,160,74,0,0,0,0,2,1,0,1,1,140,200,1,10,4,6273,15,74,0,229,115,129,76,420,0,1,0,90,51,328,0,0,0,1,230,531,128,0,0,0,0,0,0,130,17,58,1,0,0,0,0,26,0,0,0,0,0,0,0,0,8,0,0,144,262,247,205,499,260,304,448,548,663,658,423,473,852,674,788,796,708,689,1,31,0,1,0,0,0,0,0,0,0,1395,61,141,23,835,1,0,0,500,429,191,143,214,333,189,565,101,134,149,369,478,74,435,7,0,3,484,711,0,355,236,0,203,1,90,491,219,647,0,0,0,0,305,23,0,74,611,267,54,509,83,90,364,0,0,0,0,1517,188,306,180,198,361,0,0,167,94,118,759,182,133,0,349,103,0,0,723,213,52,72,102,97,205,0,0,417,180,213,134,243,450,121,197,228,433,198,468,101,243,6,0,0,0,0,0,0,0,0,0,0,0,0,0,0,3,363,334,102,281,341,252,163,281,216,97,148,20,92,287,205,346,233,248,70,207,222,218,154,5,234,60,0,0,0,0,1,439,643,373,461,163,408,217,232,312,311,567,371,522,215,214,251,161,177,409,493,244,4,342,0,0,0,0,12,232,497,253,189,425,269,192,230,223,881,333,213,457,253,3,327,160,414,0,0,0,0,6,653,920,0,0,278,456,733,491,0,4,0,0,0,0,0,0,2,128,93,715,0,0,0,370,219,0,0,0,0,375,0,0,0,98,225,68,530,0,0,329,0,0,147,0,0,664
28,Cambriolages de résidences secondaires,0,0,8,5,0,1,10,7,5,6,6,9,4,8,0,0,4,12,0,0,0,0,0,1,267,134,38,163,31,48,19,3,2,6,5,3,12,35,0,0,29,14,9,4,8,0,0,0,0,0,0,0,0,0,0,35,21,16,26,0,19,7,8,16,5,62,41,45,0,0,26,50,26,7,1,4,9,3,19,7,73,8,23,9,0,15,0,1,0,0,0,21,3,2,31,4,0,18,20,0,0,0,19,1,10,0,4,15,4,4,4,9,4,5,28,5,4,11,0,0,0,0,12,0,0,0,0,6,0,0,0,0,24,14,2,1,0,0,0,0,160,3,7,0,0,0,0,0,105,61,0,0,0,0,64,70,35,37,0,0,0,0,0,0,0,11,0,21,12,0,18,0,0,0,16,4,7,4,3,1,7,6,12,2,0,0,9,6,10,10,5,0,0,0,76,43,15,0,0,0,43,21,14,4,33,2,0,8,1,2,0,0,4,1,13,3,0,12,6,2,2,1,6,0,0,0,0,15,0,0,0,4,3,1,0,0,1,4,17,7,0,0,0,0,0,0,9,2,2,0,1,2,4,5,0,0,0,0,0,0,0,0,3,19,24,28,48,2,6,67,35,14,0,0,0,4,8,4,4,3,4,0,0,0,0,0,9,3,0,32,8,17,5,7,28,2,1,9,10,0,0,0,0,29,0,1,7,0,0,0,0,0,0,32,27,26,36,2,14,0,0,0,0,0,0,0,35,0,0,0,0,0,0,28,0,0,0,0,0,19,2,4,1,0,0,0,0,0,0,0,0,0,3,8,0,0,0,130,0,1,0,5,1,8,5,2,0,0,0,6,5,14,0,0,0,0,26,28,15,0,0,0,0,0,0,2,0,1,0,0,0,0,0,0,0,0,0,0,0,0,0,0,0,0,0,14,31,12,35,52,20,14,14,14,13,14,7,22,30,40,32,21,16,12,0,2,0,0,0,0,0,0,0,0,0,63,2,7,1,29,0,0,0,37,7,8,11,26,5,11,11,7,14,11,14,5,9,6,0,0,0,15,18,0,8,9,0,3,0,6,19,10,25,0,0,0,0,7,4,0,7,24,8,6,13,1,11,18,0,0,0,0,84,13,51,32,8,75,0,0,8,6,10,31,4,21,0,8,14,0,0,47,8,0,5,7,5,10,0,0,11,5,14,3,3,13,2,4,6,22,9,11,1,3,0,0,0,0,0,0,0,0,0,0,0,0,0,0,0,0,7,14,1,9,9,7,1,10,1,2,8,3,0,6,11,6,6,13,1,6,9,8,7,0,11,2,0,0,0,0,0,10,30,16,9,2,14,8,3,8,15,13,15,12,1,7,4,6,8,6,17,4,0,2,0,0,0,0,0,4,22,14,7,6,12,10,5,9,20,15,4,6,10,0,7,1,15,0,0,0,0,0,14,21,0,0,9,12,7,4,0,0,0,0,0,0,0,0,0,2,5,22,0,0,0,5,1,0,0,0,0,5,0,0,0,3,12,0,20,0,0,7,0,0,3,0,0,15
29,"Camb.de  locaux industriels, commerciaux ou financiers",0,0,74,44,15,32,30,89,21,50,23,62,5,25,0,0,19,84,0,1,0,0,0,3,209,68,34,53,24,51,52,7,7,23,22,11,11,119,0,0,80,51,28,17,36,0,0,0,0,0,0,0,0,0,4,310,43,44,32,4,70,30,55,53,22,148,166,150,6,0,149,17,16,17,27,32,75,10,118,64,56,30,139,31,0,48,5,8,0,0,3,132,9,47,89,38,0,47,117,0,0,0,137,7,98,0,83,73,21,27,32,68,35,58,120,3,14,63,0,0,0,0,32,0,0,0,0,42,0,0,0,0,266,53,15,0,0,0,0,1,631,18,35,1,0,0,0,1,980,61,0,0,0,2,376,26,132,86,0,0,0,0,0,0,2,277,24,31,55,0,208,0,0,3,389,43,45,46,39,15,22,24,74,42,0,1,379,65,74,109,31,0,0,0,734,53,126,0,0,2,212,32,29,45,65,7,0,176,39,62,0,0,28,13,13,13,0,163,116,20,21,34,75,0,0,0,1,179,9,5,8,50,18,4,17,0,5,25,127,53,0,0,0,0,0,0,191,15,24,9,12,47,33,31,0,0,0,0,0,0,0,3,46,161,100,47,297,9,37,898,153,129,0,0,0,61,85,47,29,15,12,0,0,0,0,0,51,19,4,25,68,234,23,90,329,4,22,30,6,0,0,0,0,425,12,3,82,0,0,0,0,0,0,133,131,66,76,7,131,0,0,0,1,0,0,0,190,0,0,0,0,0,8,239,9,8,0,0,0,68,57,34,10,1,0,0,0,1,0,0,0,2,25,91,0,4,0,2005,1,38,1,53,37,45,23,174,0,0,0,21,26,68,0,0,0,0,147,132,24,0,0,0,0,0,0,25,16,11,0,0,0,0,0,5,0,0,0,0,0,0,0,0,10,0,0,120,156,67,72,151,19,158,226,123,177,179,86,89,143,115,137,168,139,108,0,31,0,0,0,0,0,0,0,0,5,464,18,41,9,242,0,0,0,120,34,18,22,19,29,25,94,37,13,31,93,48,16,36,1,0,3,94,77,0,88,49,0,57,0,28,36,28,90,0,0,0,0,31,7,1,47,202,74,7,23,13,22,103,0,0,0,1,189,21,52,34,25,55,0,0,8,14,28,86,37,27,0,132,37,0,0,221,60,10,27,38,35,70,0,0,50,5,10,14,18,17,18,24,10,40,10,27,7,25,0,1,0,0,0,0,0,0,0,0,0,0,0,0,0,0,43,26,17,85,21,30,51,41,34,32,25,18,1,19,35,30,50,34,13,38,10,14,30,0,25,12,0,0,0,0,3,51,41,31,24,7,13,14,14,43,24,43,13,61,15,21,26,7,13,34,93,20,0,16,0,3,0,0,7,12,37,41,13,42,17,55,18,29,94,71,16,20,25,4,61,32,59,0,0,0,0,3,47,167,0,0,41,21,63,49,0,9,0,0,0,0,0,0,2,14,17,233,0,0,0,80,42,0,0,0,0,118,0,0,0,39,68,37,430,0,0,95,0,0,53,0,0,420
30,Cambriolages d'autres lieux,0,1,88,53,19,58,44,106,28,77,38,25,26,51,0,0,8,94,0,0,0,0,0,0,781,136,138,126,84,103,25,8,16,102,56,13,29,149,0,0,44,51,5,13,26,0,0,0,0,3,0,0,1,0,1,343,78,86,88,25,191,103,161,180,66,485,410,906,6,0,318,19,21,17,25,52,111,26,181,29,16,64,161,69,0,46,6,13,0,0,0,425,32,16,123,21,0,36,39,0,0,0,190,37,143,0,168,56,54,63,21,106,75,37,151,14,27,70,0,0,0,0,55,0,0,0,0,10,0,0,0,0,272,87,19,0,0,0,0,1,718,17,9,2,0,0,2,0,333,14,0,0,0,0,659,69,44,113,0,0,0,0,0,0,0,353,25,61,62,0,251,0,0,0,1878,84,55,39,31,20,27,52,79,4,0,1,384,17,103,149,34,0,0,0,1013,51,155,0,0,0,321,82,23,72,46,16,0,285,90,22,0,1,37,20,22,16,0,424,93,27,19,40,18,0,0,0,1,279,32,11,15,76,32,5,15,0,17,28,191,54,0,0,0,0,0,0,212,31,38,21,21,181,42,119,0,0,0,0,0,0,0,0,39,483,378,163,391,16,72,1154,481,249,0,0,0,59,92,74,74,27,38,0,0,0,2,0,88,25,3,29,170,155,76,181,650,27,33,45,29,0,0,0,0,491,3,11,38,0,0,0,0,0,0,230,75,28,69,17,81,0,0,0,2,0,0,0,125,0,0,1,0,0,0,537,28,10,0,0,0,281,90,38,35,0,0,0,0,1,0,0,0,1,50,112,10,9,4,4368,1,16,0,113,76,62,28,181,0,0,0,43,22,203,0,0,0,0,226,223,63,0,0,0,0,0,0,3,6,2,0,0,1,0,0,1,0,0,0,0,0,0,0,0,18,0,0,14,30,71,21,112,48,56,11,122,131,160,180,85,192,199,160,268,165,125,0,4,0,0,0,0,0,0,0,0,2,672,31,66,18,692,1,0,0,133,60,42,53,61,79,55,159,23,27,55,122,85,29,66,0,0,0,258,222,0,181,91,0,75,0,29,138,90,164,0,0,0,0,69,22,0,63,336,70,10,72,14,18,23,0,0,0,0,606,41,76,109,67,85,0,0,43,23,67,191,73,34,0,96,25,0,0,193,160,23,24,63,45,173,1,0,53,45,53,75,60,96,43,77,42,85,46,61,28,106,0,0,0,1,0,0,0,0,0,0,0,1,0,0,0,0,70,82,38,99,97,65,41,58,52,63,44,14,18,75,35,64,84,61,29,31,37,40,26,27,50,30,0,3,0,0,0,81,108,96,71,48,59,66,38,90,47,95,52,144,48,38,62,27,43,49,251,62,0,93,0,11,0,0,0,41,108,54,44,53,76,101,54,56,123,118,63,77,35,0,55,36,54,0,3,0,0,27,82,299,0,0,43,74,162,124,0,0,0,0,0,0,0,0,0,30,25,69,0,0,0,48,33,0,0,0,0,135,0,0,0,43,14,38,28,0,0,64,0,1,6,0,0,251
31,Vols avec entrée par ruse en tous lieux,0,0,6,7,2,7,7,11,4,22,7,10,0,1,0,0,0,0,0,0,0,0,0,0,72,11,9,22,2,5,3,0,4,9,10,2,2,34,0,0,2,15,1,2,5,0,0,0,0,0,0,0,0,0,0,24,4,3,4,1,4,7,13,6,3,65,21,72,0,0,31,5,10,3,7,10,11,13,15,13,7,21,18,3,0,9,6,2,0,0,0,27,16,4,26,2,0,9,12,0,0,0,18,14,2,0,10,3,9,5,9,5,3,1,13,2,3,15,0,0,0,0,8,0,0,0,0,2,0,0,0,0,21,7,4,0,0,0,0,0,130,6,10,0,0,0,0,0,123,8,0,0,0,0,29,4,18,19,0,0,0,0,0,0,0,41,6,18,5,0,35,0,0,0,38,3,15,2,10,4,18,3,15,4,0,0,23,8,2,5,9,0,0,0,50,7,14,0,0,0,29,10,9,8,5,2,0,41,12,14,0,0,4,7,4,9,0,39,12,4,4,1,13,0,0,0,0,57,4,3,1,17,3,0,1,0,5,5,24,17,0,0,0,0,0,0,22,4,3,3,10,19,14,9,0,0,0,0,0,0,0,0,9,34,23,8,36,2,12,130,40,19,0,0,0,7,10,10,12,4,4,0,0,0,0,0,20,0,3,1,11,17,13,17,50,4,3,4,7,0,0,0,0,75,1,1,7,0,0,0,0,1,0,21,19,11,7,4,15,0,0,0,0,0,0,0,23,0,0,1,0,0,1,17,1,4,0,0,0,39,9,2,0,0,0,0,0,1,0,0,0,0,7,10,0,0,0,191,0,2,0,14,8,10,9,22,0,0,0,7,1,12,0,0,0,0,19,13,2,0,0,1,0,0,0,117,34,57,0,0,0,0,0,18,0,0,0,0,0,0,0,0,4,0,0,6,2,5,2,11,8,11,12,15,13,28,25,27,30,27,15,21,17,29,0,0,0,0,0,0,0,0,0,0,0,64,2,11,4,39,0,0,0,24,22,4,1,12,17,8,10,0,9,9,6,11,5,23,0,0,8,47,31,0,7,10,0,4,0,3,13,12,29,0,0,0,1,9,3,0,6,51,30,1,18,2,0,12,0,0,0,0,22,3,8,10,2,7,0,0,2,2,4,26,15,6,1,23,7,0,0,23,7,2,1,18,12,5,0,0,17,11,10,8,12,15,8,21,17,42,17,28,2,17,0,0,0,0,0,0,0,0,0,0,0,0,0,0,0,1,37,13,8,15,30,16,5,13,3,0,8,6,3,2,19,17,7,19,6,15,27,13,5,1,20,0,0,0,0,0,4,26,18,38,11,6,14,8,3,7,6,47,16,22,11,15,14,8,21,7,9,23,0,10,0,4,0,0,6,5,20,24,13,19,4,15,22,18,34,34,11,24,18,4,11,17,18,0,2,0,0,7,12,16,1,0,9,22,32,14,0,2,0,0,0,0,0,0,0,4,3,11,0,0,0,10,11,0,0,0,0,27,0,0,0,0,6,2,6,0,0,6,0,0,0,0,0,9
32,Vols à la tire,0,0,104,28,45,23,18,62,9,16,45,19,29,39,0,0,9,27,1,59,0,0,0,0,1999,221,224,409,23,150,16,17,8,133,77,15,6,271,0,0,184,213,12,4,61,3,0,0,0,10,1,0,0,0,0,472,118,141,76,19,37,126,62,48,30,721,945,1271,4,0,602,30,36,18,63,42,75,18,220,27,61,54,141,21,0,81,30,4,0,0,0,344,18,28,259,14,0,72,76,0,0,0,266,20,92,0,51,69,45,35,59,141,91,72,452,17,22,69,0,2,0,0,72,0,0,0,0,58,0,0,0,0,103,87,17,0,0,0,33,0,4602,18,50,1,0,0,5,0,3108,90,0,1,0,0,1959,51,88,241,0,0,0,0,0,0,0,736,27,147,79,0,916,0,0,0,1482,72,67,44,37,58,63,19,138,28,0,0,687,9,69,98,44,0,13,0,3244,120,196,0,0,0,463,82,33,234,23,21,5,383,79,39,0,0,69,9,17,13,0,545,104,47,28,3,150,1,0,0,0,735,27,9,21,107,5,0,51,0,8,6,132,132,0,0,0,0,0,0,600,16,43,6,26,142,42,46,0,1,0,0,0,1,0,0,9,147,351,86,423,27,89,3440,440,455,0,8,0,89,103,193,18,7,14,0,1,0,1,0,273,6,3,32,105,105,39,198,304,6,18,64,22,0,0,0,0,475,5,2,14,0,1,0,0,0,0,237,497,101,108,135,133,0,0,0,0,0,0,0,322,0,0,2,0,0,0,711,39,20,0,4,0,136,87,34,11,2,0,0,0,65,0,0,3,0,27,50,0,4,1,2845,0,15,1,47,65,13,23,376,0,0,0,97,15,183,0,0,0,0,129,154,37,2,0,0,0,0,0,7,0,5,0,0,0,0,0,9,0,1,0,0,1,1,0,0,4853,0,0,2960,929,246,280,3028,887,917,874,327,557,511,485,422,2379,744,786,1875,823,462,0,15,0,0,0,0,0,0,0,0,0,839,12,63,26,416,8,0,0,275,286,628,40,105,41,170,359,68,34,56,350,79,57,80,0,0,0,416,388,0,86,258,0,85,0,151,549,88,337,0,0,0,0,31,4,0,39,351,46,19,41,16,16,148,0,0,0,0,772,109,89,69,105,115,0,0,8,8,20,461,12,47,0,300,44,0,0,294,36,12,12,95,73,46,0,0,151,93,54,117,195,532,21,85,19,198,82,43,70,570,0,0,0,0,0,0,0,0,0,0,0,0,0,0,0,0,507,208,62,268,80,83,519,175,122,120,188,809,100,95,143,220,228,387,74,233,71,132,41,1,332,358,0,3,0,0,2,1365,445,477,418,152,399,406,136,1041,118,542,316,447,137,281,418,67,173,376,770,669,0,293,1,87,0,0,0,316,167,297,271,233,195,324,177,325,738,204,140,173,248,1,142,238,84,0,3,0,0,570,280,766,0,0,294,61,621,1061,0,0,0,0,0,0,2,0,0,11,5,62,0,2,0,46,13,0,0,0,0,90,0,1,0,7,10,7,36,0,0,54,0,1,7,0,0,46
33,Vols à l'étalage,0,0,137,38,27,42,98,76,11,38,74,116,20,37,0,0,22,59,0,0,0,0,0,0,288,78,242,130,33,17,24,174,10,132,32,13,21,442,0,0,129,73,5,40,51,2,0,0,0,2,0,0,0,0,0,119,69,99,11,7,39,52,211,79,23,619,70,202,0,0,475,46,14,14,39,52,70,50,106,28,81,40,127,51,0,84,13,6,0,0,0,260,36,38,200,19,0,27,194,0,0,0,300,58,152,0,138,50,81,13,42,101,116,73,328,44,62,111,0,0,0,0,23,0,0,0,0,26,0,0,0,0,237,107,33,2,0,0,7,0,743,35,75,2,0,0,1,0,1636,45,0,0,0,0,279,27,181,63,0,0,0,0,0,0,0,206,39,73,124,5,376,0,0,0,345,62,27,36,98,42,83,52,141,22,0,0,471,99,61,42,109,0,1,0,1031,12,147,0,0,0,226,76,42,80,26,28,0,368,85,96,0,0,133,34,29,33,0,186,96,44,50,83,97,0,0,0,0,1010,13,14,13,192,30,18,20,0,99,46,110,97,1,0,0,0,0,0,376,67,23,32,59,170,13,97,0,0,0,0,0,0,0,0,78,126,219,119,187,33,79,651,86,70,0,0,0,171,55,113,81,45,25,0,0,0,0,0,164,8,2,15,80,79,52,158,200,8,12,99,6,0,0,0,0,317,3,1,43,0,0,0,0,0,0,99,260,44,28,20,171,0,0,0,0,0,0,0,144,0,0,0,0,0,0,696,36,28,0,0,0,140,56,52,66,4,0,0,0,23,0,0,0,0,33,181,0,5,6,2397,0,63,0,220,91,23,17,147,0,0,0,11,36,156,0,0,1,0,235,119,60,0,0,0,0,0,0,3,1,1,0,0,0,0,0,2,0,0,0,0,0,0,0,0,24,0,0,403,45,185,266,346,128,385,530,37,136,46,158,191,170,101,169,63,204,155,0,0,0,0,0,0,0,0,0,0,0,435,24,79,45,180,4,0,0,53,111,677,12,18,35,141,219,47,9,34,93,71,33,120,0,0,0,452,155,0,353,222,0,215,0,84,142,92,270,0,0,0,0,123,36,0,56,232,61,11,79,12,29,94,0,0,0,0,341,47,58,33,19,19,0,0,37,37,37,150,109,53,0,279,55,0,0,287,89,36,13,52,76,129,0,0,39,76,43,62,41,45,12,65,46,104,9,140,73,191,0,0,0,0,0,0,0,0,0,0,0,0,0,0,0,0,28,58,13,41,12,29,45,30,20,177,59,562,13,122,11,16,65,18,19,46,20,15,12,0,13,268,0,1,0,0,0,146,240,273,30,39,110,149,5,14,47,135,34,124,55,161,38,20,601,59,138,35,0,48,0,53,0,0,0,12,49,17,65,75,52,1000,103,80,184,390,20,23,23,0,9,47,43,0,2,0,0,237,164,415,0,0,63,76,156,76,0,0,0,0,0,0,1,0,0,18,3,35,0,0,0,84,66,0,0,0,0,33,0,0,0,23,50,18,31,0,0,72,0,0,28,0,1,99
34,Vols de véhicules de transport avec frêt,0,0,0,0,0,0,0,0,0,0,0,0,0,0,0,0,0,0,0,0,0,0,0,0,0,0,1,0,0,0,0,0,0,0,0,0,0,1,0,0,0,0,0,0,0,0,0,0,0,0,0,0,0,0,0,0,0,0,0,0,0,1,3,0,0,0,0,0,0,0,0,1,0,0,0,0,0,0,0,0,0,0,0,0,0,0,0,0,0,0,0,1,1,0,0,0,0,0,0,0,0,0,0,0,0,0,0,0,0,0,1,0,0,0,0,0,0,0,0,0,0,0,0,0,0,0,0,0,0,0,0,0,1,0,0,0,0,0,0,0,0,0,0,1,0,0,0,0,0,0,0,0,0,0,0,0,0,0,0,0,0,0,0,0,0,0,1,0,0,0,0,0,0,0,0,0,0,0,0,0,0,0,1,0,0,0,0,0,0,1,0,0,0,0,0,0,0,0,0,0,1,0,0,0,0,0,0,0,0,0,0,0,0,0,0,0,0,1,0,0,0,0,0,1,0,0,0,0,0,0,0,0,0,0,0,0,0,0,0,0,0,0,0,0,0,0,0,0,0,0,0,0,0,0,0,0,0,0,0,0,0,0,0,1,1,0,0,0,2,2,0,2,0,0,0,0,1,1,0,0,0,0,0,0,0,0,0,0,0,0,0,0,0,1,1,0,0,0,0,0,0,0,0,1,0,0,0,0,0,0,0,0,0,0,0,0,0,0,0,0,0,0,0,0,0,0,0,0,0,0,0,0,0,0,0,0,0,0,0,0,0,0,0,0,0,0,0,0,0,0,0,0,0,0,0,0,0,9,0,0,0,0,0,2,0,0,0,0,0,0,0,0,0,0,0,0,0,0,0,0,0,0,0,0,0,0,0,0,0,0,0,0,0,1,0,0,0,0,0,0,0,0,0,0,0,0,1,0,0,0,0,1,0,0,0,0,0,1,0,0,1,0,0,1,0,0,0,0,0,0,0,0,0,0,0,2,0,0,0,0,0,0,0,0,0,0,0,0,1,1,3,0,0,0,5,0,0,2,0,0,1,0,0,0,0,0,0,0,0,0,0,0,0,0,0,0,0,0,0,0,0,0,0,0,0,0,0,0,0,0,0,1,0,0,0,0,0,1,0,0,0,0,0,0,0,0,0,0,0,0,0,0,0,0,0,0,0,1,0,0,0,0,0,0,1,1,0,0,1,0,0,0,0,0,0,0,0,0,0,0,0,0,0,0,0,0,0,0,0,0,0,0,0,0,0,0,1,1,0,0,0,0,0,0,0,0,0,0,0,0,0,0,0,0,0,0,0,0,0,0,0,1,5,1,0,0,1,0,0,1,0,1,0,2,0,0,0,0,0,0,1,0,0,1,0,0,0,0,1,0,0,0,0,0,1,1,0,0,1,0,0,0,0,0,0,0,0,0,0,0,0,0,0,1,0,0,4,1,0,1,0,0,0,0,0,0,0,0,1,0,0,0,0,0,0,0,0,0,0,0,0,0,0,0,0,0,0,0,0,0,0,0,0,0,0,0,0,1
35,Vols d'automobiles,0,0,49,15,23,35,52,142,33,41,31,68,31,51,0,0,14,55,0,15,0,0,0,5,520,136,144,114,55,44,30,25,16,66,35,7,22,99,0,0,69,136,5,18,17,7,0,0,0,14,0,0,0,0,6,506,106,202,89,63,382,80,498,141,115,795,1590,1376,13,0,217,39,12,15,26,21,110,20,137,54,32,39,125,45,0,36,9,10,0,0,0,160,28,35,115,10,0,25,76,0,0,0,170,15,88,0,300,113,67,91,67,116,80,88,178,18,24,61,0,1,0,0,58,0,0,0,0,75,0,0,0,0,554,134,35,0,0,0,3,1,981,15,17,3,0,0,3,0,999,59,0,0,0,0,617,64,176,103,0,0,0,0,0,0,0,291,21,47,75,0,247,0,0,0,657,64,99,37,16,27,24,30,192,29,4,0,475,90,116,266,17,0,1,0,995,23,98,0,0,2,365,81,20,62,39,20,1,199,50,35,0,0,45,9,19,8,0,458,61,45,10,28,49,0,0,0,0,268,14,13,14,99,21,14,19,0,20,35,111,51,3,0,0,0,0,0,231,29,23,8,7,112,58,34,1,8,0,0,0,0,0,2,46,349,240,135,622,11,121,2330,1045,744,0,0,0,154,259,364,40,18,16,0,0,0,1,1,106,21,4,20,128,128,34,92,689,12,34,56,20,0,0,0,0,402,10,12,110,0,1,0,0,2,0,169,74,20,30,20,118,0,0,0,0,0,2,0,352,0,0,0,0,0,0,166,14,19,0,2,0,80,54,20,6,5,0,0,0,4,0,0,1,1,121,95,0,5,1,3062,1,36,1,98,42,40,24,157,0,0,0,40,26,90,0,0,0,1,89,121,48,0,0,2,0,0,0,2,3,0,0,1,0,0,0,4,0,0,0,0,0,0,0,0,14,0,0,24,22,45,32,58,61,140,47,87,113,169,115,138,218,372,216,161,156,162,0,0,0,0,0,0,0,0,0,0,1,857,60,64,20,270,8,0,0,268,347,91,104,51,202,175,383,66,49,50,303,239,32,346,7,0,7,261,595,0,338,230,0,200,0,45,339,184,324,0,0,0,0,96,11,0,37,371,61,16,73,13,14,100,2,0,0,0,305,51,101,70,100,62,0,1,58,56,46,335,66,35,0,75,20,0,0,154,92,8,16,55,81,53,3,0,342,159,164,136,184,223,144,135,215,270,155,332,52,229,2,1,0,0,0,0,0,0,0,0,0,1,0,0,0,2,173,94,84,130,166,129,72,156,79,99,67,40,37,84,78,79,157,134,24,88,63,113,54,3,65,27,0,2,0,0,2,219,507,294,238,133,179,173,153,169,205,239,259,299,174,161,163,141,133,247,408,131,0,373,0,27,0,0,7,72,232,154,92,174,207,243,111,137,319,311,166,229,170,3,268,91,206,0,2,0,0,74,570,1080,0,0,307,361,862,445,0,2,0,0,0,0,3,0,1,14,12,225,3,8,0,145,72,0,0,0,0,84,0,0,0,35,73,23,139,0,0,33,0,1,24,0,0,459
36,Vols de véhicules motorisés à 2 roues,0,0,25,20,6,19,43,49,11,46,37,42,9,24,0,0,6,29,0,10,0,0,0,1,867,211,142,316,75,168,19,21,10,32,15,4,7,92,0,0,57,73,4,20,32,1,0,0,0,0,0,0,0,0,1,243,55,100,89,12,92,57,79,50,17,980,617,1136,5,0,197,22,8,17,18,17,83,16,228,35,30,37,57,36,0,58,6,4,0,0,0,135,5,28,82,17,0,41,69,0,0,0,87,11,41,0,175,75,27,31,38,75,51,17,112,7,26,61,0,1,0,0,157,0,0,0,0,87,0,0,0,0,251,43,11,0,0,0,0,0,631,8,25,0,0,0,0,0,811,49,0,0,0,0,359,51,149,163,0,0,0,0,0,0,0,251,19,68,63,0,333,0,0,0,375,13,10,15,17,11,32,59,77,12,0,0,106,48,25,75,24,0,2,0,1124,53,152,0,0,0,118,41,24,54,20,7,0,203,115,48,0,0,51,6,15,20,0,204,56,22,7,49,33,0,0,0,0,147,11,6,5,24,6,3,8,0,8,20,94,76,0,0,0,0,0,0,85,14,22,7,10,38,26,52,0,0,0,0,0,0,0,0,31,196,109,49,180,7,37,374,110,103,0,0,0,46,47,37,30,2,39,0,0,0,0,0,23,13,0,13,27,142,23,59,244,2,4,44,1,0,0,0,0,175,2,7,33,0,0,0,0,0,0,96,241,81,99,9,66,0,0,0,0,0,0,0,165,0,0,0,0,0,0,374,12,20,0,2,0,84,64,35,43,0,0,0,0,0,0,0,0,0,14,57,0,0,1,1000,0,16,0,55,58,33,20,219,0,0,0,24,13,54,0,0,0,0,100,220,68,0,0,2,0,0,0,0,2,0,0,0,0,0,0,0,0,0,0,0,0,0,0,0,18,0,0,87,141,172,106,263,105,334,197,241,389,295,358,287,425,371,448,364,344,372,0,3,0,0,0,0,0,0,0,0,0,330,30,32,21,250,1,0,0,68,60,19,18,14,28,27,76,18,8,28,40,41,5,19,0,0,0,151,170,0,76,34,0,46,0,10,141,33,176,0,0,0,0,101,14,0,34,182,40,8,50,1,13,43,0,0,0,0,422,39,121,106,149,101,0,0,26,16,16,90,63,49,0,97,24,0,0,161,42,6,11,53,26,25,0,0,59,25,31,13,46,58,42,37,56,67,20,47,8,76,0,1,0,0,0,0,0,0,0,0,0,1,0,0,0,0,58,168,133,266,93,109,151,178,98,76,110,72,64,166,77,151,172,131,78,74,46,62,108,0,157,25,0,0,0,0,0,104,54,78,44,23,38,41,31,38,35,183,35,154,42,29,71,15,33,46,168,87,0,25,0,8,0,0,0,46,87,65,71,50,94,102,65,126,303,115,68,105,63,0,52,137,242,0,2,0,0,3,184,196,0,0,32,107,108,65,0,0,0,0,0,0,0,0,1,18,0,115,0,0,0,126,48,0,1,0,0,351,0,0,0,20,86,36,354,0,1,193,0,0,130,0,0,97
37,Vols à la roulotte,0,0,185,39,39,140,130,238,29,162,52,94,45,201,1,0,18,127,2,8,0,0,0,1,1509,283,363,368,105,144,77,46,27,185,81,43,30,453,0,0,394,438,34,60,115,11,0,0,0,16,0,0,0,0,1,1030,411,256,250,49,589,231,635,219,97,2002,2072,2434,7,0,891,79,55,55,67,111,501,129,697,101,135,137,229,162,0,215,27,20,0,0,0,608,52,60,343,56,0,98,235,0,0,0,469,31,224,0,362,282,160,168,108,342,197,220,560,43,89,218,0,1,0,0,95,0,0,0,0,95,0,0,0,0,972,187,84,1,0,0,5,0,6831,42,138,7,0,0,5,2,5095,244,0,0,0,0,2031,193,293,555,0,0,0,0,0,0,0,1087,66,213,192,0,1025,0,0,0,2516,124,145,99,115,37,108,124,558,46,0,0,1393,124,229,278,112,0,1,1,6605,133,439,0,0,0,944,154,79,244,140,7,0,887,151,115,0,0,155,57,41,60,0,846,218,78,53,44,198,47,0,0,1,829,42,24,29,97,34,30,38,0,47,54,396,302,3,0,0,0,0,0,914,62,82,25,54,287,165,110,5,16,0,0,0,1,0,0,156,668,732,295,1127,56,319,6457,1995,1354,0,0,0,187,398,321,110,49,49,0,0,1,0,0,308,50,4,109,381,394,117,763,1474,30,88,146,46,0,0,0,0,1792,54,19,140,0,0,0,0,0,0,659,762,172,258,123,318,0,0,0,0,5,0,0,707,1,0,0,0,0,0,1462,68,58,0,4,0,443,114,91,44,15,0,0,0,7,0,0,0,1,227,341,2,4,0,11453,0,149,0,211,182,102,74,931,0,0,0,119,76,378,0,0,0,0,321,331,119,1,0,0,0,0,0,6,2,0,0,0,0,0,0,1,0,0,0,0,0,0,0,0,48,0,0,315,247,333,216,508,347,884,489,691,463,638,788,486,534,1179,854,885,1252,744,0,6,0,1,0,0,0,0,0,0,0,3054,101,172,54,1508,37,0,1,948,611,339,148,205,557,289,728,136,94,152,613,459,74,508,0,0,1,640,800,0,584,535,0,259,0,110,397,202,433,0,0,0,2,319,38,0,82,784,181,34,541,64,68,402,2,0,0,0,965,89,305,264,208,263,0,0,105,97,94,620,330,114,0,445,74,0,0,732,303,19,49,139,100,279,1,0,261,231,164,246,191,316,182,296,230,486,260,311,83,402,0,0,0,0,0,0,0,0,0,0,0,0,0,0,0,0,365,564,159,423,229,253,332,362,283,355,193,159,138,317,179,217,428,288,191,263,202,198,204,0,164,290,0,4,0,0,2,1075,919,777,546,232,314,429,315,516,448,772,491,675,312,355,560,155,316,466,1454,441,0,575,0,41,0,0,0,171,358,298,248,424,330,553,256,351,679,541,346,359,288,1,313,308,545,0,54,0,0,261,955,1780,0,0,534,429,892,813,0,0,1,0,0,1,9,0,0,94,31,1237,0,3,0,654,281,0,0,0,0,1015,0,0,0,74,288,175,569,0,0,211,0,3,377,0,1,853
38,Vols d''accessoires sur véhicules à moteur immatriculés,0,0,98,9,23,60,43,152,21,51,31,50,13,30,0,0,3,29,1,10,0,0,0,0,530,131,133,142,60,56,12,26,16,45,14,13,30,136,0,0,71,70,15,24,51,1,0,0,0,3,1,0,0,0,0,415,67,211,97,42,335,67,472,142,63,687,976,1705,4,0,258,24,11,24,30,31,109,29,170,131,37,73,138,40,0,54,11,6,0,0,0,161,15,33,125,69,0,42,75,0,0,0,202,10,67,0,249,77,46,37,34,123,99,68,225,14,27,79,0,2,0,1,70,0,1,0,0,112,0,0,0,0,474,53,17,0,0,0,3,0,1174,11,35,4,0,0,0,0,1226,53,0,1,0,0,557,63,173,88,0,0,0,0,0,0,0,347,37,44,78,0,459,0,0,0,821,49,66,31,37,12,68,34,192,31,0,0,427,146,118,155,17,0,3,0,1578,55,152,0,0,1,544,57,36,69,33,8,0,439,82,146,0,0,46,20,21,26,0,344,144,50,24,64,99,15,0,0,0,313,16,10,10,70,6,13,32,0,26,37,235,75,8,0,0,0,0,0,359,48,51,18,21,116,36,55,3,1,0,0,0,0,0,0,65,250,194,124,555,21,71,1881,691,428,0,1,0,127,162,300,78,34,32,0,0,0,0,0,120,35,10,43,94,94,48,144,767,14,41,50,16,0,0,0,0,266,11,14,47,0,0,0,0,0,0,136,150,53,60,20,114,0,0,0,0,6,0,0,381,0,0,7,0,4,0,317,22,10,0,3,0,83,28,18,30,5,0,0,0,3,0,0,0,0,70,96,0,1,1,2511,0,29,2,67,41,42,34,156,0,0,0,33,18,90,0,0,0,0,59,72,30,1,0,0,0,0,0,0,0,0,0,0,0,0,0,0,0,0,0,0,0,0,0,0,17,0,0,35,43,57,37,92,67,106,47,70,108,143,134,115,156,255,212,187,147,151,0,0,0,0,0,0,0,0,0,0,1,810,53,49,27,613,3,0,0,311,177,124,46,55,184,100,466,46,19,38,260,215,25,175,0,0,1,290,252,0,408,175,0,211,0,77,258,122,284,0,0,0,0,105,18,0,32,308,67,12,78,17,9,107,2,0,0,0,351,45,83,50,87,91,0,0,41,36,31,192,109,61,0,257,59,0,0,242,88,12,8,50,97,69,0,0,126,101,80,108,94,132,108,112,109,198,117,189,42,202,0,0,0,0,0,0,0,0,0,0,0,0,0,0,0,1,147,125,78,139,132,100,123,114,95,95,64,38,35,89,84,63,117,90,45,90,92,99,59,0,78,93,0,0,0,0,1,105,510,254,207,80,118,104,80,166,178,149,177,172,91,93,81,61,82,179,300,73,0,219,0,23,0,0,0,69,170,152,84,202,212,186,106,106,202,316,132,156,93,0,149,95,144,0,4,0,0,35,365,478,0,0,273,246,408,325,0,1,0,0,0,0,4,0,0,33,9,199,0,1,0,86,47,0,0,0,0,44,0,1,0,19,103,23,241,0,0,32,0,1,27,0,0,58
39,Vols simples sur chantier,0,0,6,3,4,13,8,6,2,4,4,6,3,6,0,0,5,2,0,1,0,0,0,0,57,28,14,14,3,5,3,7,0,6,2,3,3,21,0,0,10,19,6,2,6,0,0,0,0,0,0,0,0,0,0,40,25,16,13,3,25,8,47,29,9,43,79,71,2,0,42,2,0,2,1,3,23,8,27,7,13,2,22,1,0,2,2,0,0,0,0,14,4,6,9,2,0,5,6,0,0,0,7,1,7,0,22,12,7,5,2,17,14,6,14,2,6,5,0,0,0,0,9,0,0,0,0,4,0,0,0,0,18,14,1,0,0,0,0,0,93,1,2,1,0,0,0,0,257,17,0,0,0,0,89,9,29,5,0,0,0,0,0,0,0,46,5,12,13,0,30,0,0,0,17,2,6,4,4,6,10,10,9,1,0,0,35,13,9,21,1,0,0,0,130,17,23,0,0,0,32,8,5,5,5,1,0,35,8,9,0,0,7,1,1,5,0,38,12,5,4,5,8,0,0,0,0,73,5,2,3,9,4,2,3,0,1,9,19,7,1,0,0,0,0,0,31,3,5,7,0,14,3,1,0,0,0,0,0,0,0,0,6,33,29,15,90,4,17,176,50,29,0,0,0,14,7,28,6,3,4,0,0,0,0,0,21,4,0,6,25,29,19,17,154,9,6,4,3,0,0,0,0,27,2,1,9,1,0,0,0,0,0,23,17,8,18,4,11,0,0,0,0,1,0,0,17,0,0,0,0,0,0,81,9,6,0,0,0,20,4,3,0,0,0,0,0,0,0,0,2,0,6,8,0,0,1,207,0,2,0,7,3,3,10,11,0,0,0,10,0,12,0,0,0,0,16,6,15,0,0,0,0,0,0,0,0,0,0,0,0,0,0,0,0,0,0,0,0,0,0,0,4,0,0,15,10,1,5,6,10,29,11,6,9,21,11,18,15,11,42,20,15,9,0,0,0,0,0,0,1,0,0,0,0,94,10,7,5,50,1,0,0,20,18,27,7,9,21,15,48,11,1,6,25,24,4,21,0,0,0,18,29,0,17,19,0,19,0,5,14,14,15,0,0,0,0,6,2,0,1,48,11,2,7,2,7,11,1,0,0,0,26,6,12,9,15,5,0,0,17,8,7,25,2,3,0,23,9,0,0,31,5,5,4,3,6,12,3,0,17,10,8,10,6,16,4,16,21,16,7,8,6,9,0,0,0,0,0,0,0,0,0,0,0,0,0,0,0,0,9,13,9,8,9,6,12,15,3,12,15,13,3,7,13,8,19,8,7,10,2,3,11,0,6,9,0,1,0,0,0,8,36,28,13,17,11,6,8,23,10,16,14,13,13,15,17,4,9,19,25,17,0,16,0,17,0,0,0,3,18,25,5,10,15,9,8,10,21,13,11,4,5,0,12,14,15,0,0,0,0,4,32,61,0,0,26,10,33,28,0,0,0,0,0,0,1,0,0,0,0,18,0,0,0,8,7,0,0,0,0,15,0,0,0,6,7,6,8,0,0,17,0,0,2,0,0,15
40,Vols simples sur exploitations agricoles,0,0,1,0,0,2,1,1,0,0,0,0,0,1,0,0,1,0,0,0,0,0,0,0,0,0,0,0,0,0,0,1,0,1,0,1,1,0,0,0,1,0,1,0,0,0,0,0,0,0,0,0,0,0,0,2,1,1,0,0,1,2,0,1,13,0,0,1,0,0,2,0,0,0,0,0,0,0,0,0,0,0,1,0,0,0,0,0,0,0,0,0,0,0,0,0,0,0,0,0,0,0,0,0,0,0,0,1,0,0,0,0,0,0,0,0,0,0,0,0,0,0,0,0,0,0,0,0,0,0,0,0,0,2,1,0,0,0,0,0,0,1,0,1,0,0,0,0,1,0,0,0,0,0,1,1,8,0,0,0,0,0,0,0,0,1,0,0,2,0,0,0,0,0,0,0,0,0,1,0,0,1,1,0,0,0,1,3,1,3,0,0,0,0,6,1,0,0,0,0,2,0,0,0,0,0,0,2,1,1,0,0,0,0,0,0,0,1,5,1,0,0,1,0,0,0,0,0,1,0,2,0,0,2,1,0,0,0,3,0,0,0,0,0,0,0,0,0,0,0,0,0,0,0,0,0,0,0,0,0,0,0,0,1,2,1,4,1,1,2,0,1,0,0,0,0,0,0,0,0,0,0,0,0,0,0,3,2,0,0,4,0,0,0,6,0,0,3,1,0,0,0,0,5,0,0,2,0,0,0,0,0,0,1,0,0,2,0,1,0,0,0,0,0,0,0,1,0,0,0,0,0,0,1,1,0,0,0,0,1,0,0,0,0,0,0,0,0,0,0,0,0,0,0,0,0,0,6,0,3,0,0,0,0,1,0,0,0,0,0,0,1,0,0,0,0,1,0,0,0,0,0,0,0,0,0,0,0,0,0,0,0,0,0,0,0,0,0,0,0,0,0,0,0,0,0,0,0,0,0,0,0,0,0,0,0,0,0,1,0,0,0,0,0,0,0,0,0,0,0,0,0,0,0,0,4,1,1,0,1,0,0,0,1,1,0,0,1,0,0,0,4,1,0,0,0,0,1,0,0,0,0,2,0,1,1,0,0,0,0,0,1,3,0,0,0,0,0,0,0,0,2,1,0,0,0,2,4,0,0,0,0,3,0,0,2,0,0,0,0,4,2,4,7,3,1,0,1,0,0,0,0,0,1,1,0,1,0,0,0,1,0,0,0,0,2,0,0,0,0,0,0,0,0,0,0,0,0,0,0,0,0,0,0,0,0,0,0,0,0,0,0,0,0,0,0,0,0,0,0,0,0,0,0,0,0,0,0,0,0,0,0,0,0,0,0,0,0,0,0,0,0,1,0,0,0,0,0,0,0,0,0,0,1,0,0,0,0,0,0,0,0,0,0,0,0,0,0,0,0,1,0,0,0,1,0,0,0,1,1,0,0,1,0,0,0,0,0,0,0,0,0,0,0,0,0,0,0,0,3,0,0,0,0,0,0,0,0,0,0,1,4,0,0,0,0,2,0,0,0,0,0,0,0,0,3,7,0,0,0,0,4,0,0,0,0,0,0
41,Autres vols simples contre des établissements publics ou privés,0,0,66,23,31,36,42,81,13,77,42,70,9,20,0,0,30,46,0,8,0,0,0,1,293,52,69,89,26,40,22,19,10,80,18,18,14,119,0,0,115,105,16,18,17,0,0,0,0,18,0,0,0,0,1,167,41,57,36,11,61,42,147,72,29,242,230,211,3,0,263,42,19,8,26,51,101,29,149,73,85,60,88,25,0,68,6,8,0,0,20,314,25,40,103,23,0,26,55,0,0,0,229,21,103,0,108,48,25,36,58,88,112,50,138,22,19,62,0,0,0,0,18,0,1,0,0,35,0,0,0,0,221,45,30,0,0,0,4,0,790,22,31,708,0,0,8,0,997,66,0,0,0,0,359,29,125,55,0,0,0,0,0,0,0,209,34,83,83,1,246,0,0,0,285,46,51,24,53,35,47,35,101,40,37,1,352,107,39,53,51,0,2,0,474,40,78,0,0,0,385,38,41,105,20,17,0,233,66,52,0,0,23,11,12,25,0,212,112,27,21,43,83,100,0,0,0,378,23,13,10,50,20,18,25,0,18,53,115,56,3,0,0,0,1,0,205,37,27,18,17,100,15,69,0,192,0,0,0,0,0,0,71,170,144,86,284,14,48,868,132,212,0,3,0,61,106,102,50,24,14,0,0,0,0,0,102,11,2,25,82,67,42,77,408,26,20,51,13,0,0,0,2,198,8,5,40,0,0,0,0,0,1,140,131,34,45,24,145,0,0,0,0,0,0,0,122,16,0,1,0,0,2,469,33,21,0,4,0,120,97,26,38,733,0,0,0,19,0,0,0,1,48,27,1,2,2,1196,1,31,0,90,60,42,26,345,0,0,0,19,19,94,0,0,0,0,72,48,20,0,0,0,0,0,0,4,2,1,0,0,1,0,0,4,0,0,0,0,0,2,0,0,71,0,0,280,164,58,113,198,46,717,385,72,144,178,110,115,210,274,450,152,164,176,0,0,0,0,0,0,0,0,0,0,2,413,15,42,19,215,9,0,0,161,59,133,18,40,99,66,200,34,18,21,80,60,13,60,2,0,4,157,96,0,185,86,0,119,0,42,60,50,133,0,0,0,1,68,8,0,31,221,68,11,29,12,13,96,0,0,0,0,187,26,68,59,35,38,0,0,16,49,22,198,68,38,0,190,51,0,1,260,52,11,23,68,58,79,1,0,93,23,10,33,29,43,37,45,31,40,20,27,27,58,0,0,0,0,0,0,0,0,0,0,0,0,0,0,0,0,75,50,25,210,24,21,114,59,70,74,90,276,18,50,35,49,153,108,19,57,18,31,123,0,51,65,0,1,0,0,0,43,79,70,40,27,15,38,12,30,35,12,27,61,30,35,48,25,47,31,148,67,0,70,0,33,0,0,0,30,45,35,32,56,15,141,49,46,138,130,37,26,25,1,38,36,30,0,0,0,0,68,144,218,0,0,46,50,106,77,0,0,0,0,0,0,1,0,0,18,3,28,0,1,0,65,54,0,0,0,0,61,0,2,1,16,77,20,109,0,0,49,0,1,47,0,0,114
42,Autres vols simples contre des particuliers dans  deslocaux privés,0,0,284,99,65,104,126,222,84,142,102,231,78,100,0,0,46,161,0,52,0,0,0,0,1354,536,305,473,130,127,71,56,43,219,65,39,81,549,0,0,225,284,37,79,53,4,0,0,0,2,0,0,0,0,0,729,271,282,187,27,277,143,259,227,113,1291,906,1270,11,0,781,150,98,41,67,100,327,93,651,144,195,130,290,115,0,182,23,28,0,1,0,867,82,93,231,53,0,109,240,0,0,0,584,97,219,0,508,216,158,150,111,296,223,142,743,68,99,254,1,1,0,0,99,0,1,0,0,128,0,0,0,0,789,274,81,0,0,0,4,2,2994,55,78,24,0,0,11,0,3160,253,0,0,0,0,1968,374,594,245,0,0,0,0,0,0,0,914,64,204,159,0,917,0,0,0,1291,79,124,67,168,63,142,195,269,59,3,0,680,273,114,192,125,0,0,0,2667,261,309,0,0,0,772,171,71,196,88,43,1,783,150,138,0,0,249,42,83,90,0,721,351,101,54,88,180,5,0,0,0,790,68,47,45,160,48,39,81,0,76,102,487,207,4,0,0,0,0,0,820,109,72,38,54,297,106,144,2,2,0,1,0,1,0,0,132,575,435,258,1029,59,218,3042,753,542,0,3,0,164,395,199,165,78,30,1,0,0,2,0,287,64,5,88,256,239,184,258,998,55,63,183,89,0,0,0,0,870,8,9,122,0,0,0,0,0,0,457,446,293,127,85,305,0,0,0,0,0,1,0,318,0,1,0,0,0,2,1205,92,105,0,0,0,516,301,119,51,6,0,0,0,9,0,0,0,1,65,264,1,9,4,4616,0,129,3,288,152,101,71,691,0,0,0,111,49,288,0,0,0,1,322,283,211,2,0,0,0,0,0,20,8,6,0,5,0,0,0,2,1,0,0,0,0,2,0,0,259,0,0,213,199,287,172,541,248,578,491,804,559,544,550,704,847,415,720,1186,619,459,0,2,0,1,0,0,0,0,0,0,8,1803,83,153,65,764,1,0,1,239,167,159,92,112,159,219,293,113,60,133,201,266,38,225,0,0,0,606,374,0,521,254,0,268,0,83,365,212,470,0,0,0,0,321,65,1,123,731,141,47,141,26,65,254,0,0,0,0,718,122,387,254,245,210,0,0,127,93,107,719,177,187,0,480,108,0,0,295,219,48,76,126,135,297,1,0,145,156,153,132,129,343,152,335,123,327,150,216,108,250,13,0,0,0,0,1,0,0,0,0,0,0,0,0,0,1,402,351,159,167,313,226,324,208,185,133,309,269,137,148,126,312,275,273,153,264,157,173,146,0,193,106,0,0,0,0,0,225,272,320,137,173,209,175,106,172,124,235,87,444,175,221,182,94,155,156,690,177,0,138,0,49,0,0,2,156,258,109,118,125,250,328,189,263,472,350,195,316,281,2,183,176,157,0,2,0,0,66,473,713,0,0,166,331,546,213,1,0,0,0,0,0,3,0,0,25,23,284,0,4,0,243,126,0,1,0,0,366,0,4,0,71,191,115,270,0,0,248,0,1,288,0,0,673
43,Autres vols simples contre des particuliers dans des locaux ou lieux publics,0,0,251,69,42,205,209,261,55,206,153,347,91,148,0,1,59,306,0,53,0,1,0,3,3272,1063,557,1391,262,260,68,84,54,269,28,77,91,630,0,0,321,396,40,202,164,5,0,0,0,55,0,0,2,0,0,1565,332,373,379,44,519,334,631,372,156,6918,2116,2009,7,0,945,170,56,41,76,183,642,95,1013,191,247,166,294,86,0,275,35,18,1,0,0,1196,212,79,468,58,0,104,251,0,0,0,646,64,289,0,682,212,204,146,100,226,403,150,969,114,125,313,0,3,0,0,240,0,4,1,0,242,0,0,0,0,1692,232,79,1,1,0,70,0,5108,66,226,5,0,0,28,0,6315,282,0,1,0,1,3456,493,609,458,0,0,0,0,0,0,0,2289,80,395,196,0,1717,0,0,0,2709,150,178,127,184,107,331,289,424,84,2,0,1174,358,190,274,142,0,17,0,3803,327,387,0,0,0,1110,241,104,311,94,36,0,1171,178,167,0,0,303,37,101,107,0,1106,232,129,123,94,411,131,0,0,0,1703,83,42,72,155,41,42,65,0,83,142,808,331,1,0,0,0,0,0,775,145,77,70,65,470,128,225,1,31,0,0,0,4,0,0,233,665,635,269,1193,74,332,3966,1063,557,0,9,0,289,228,244,199,50,53,0,0,0,1,0,346,66,7,95,316,396,105,452,960,36,68,177,91,0,0,1,0,1156,10,13,119,0,9,0,0,0,0,703,665,267,242,90,411,0,0,0,1,0,0,0,758,1,0,4,1,0,0,4124,212,187,0,9,0,938,366,181,68,8,0,0,0,138,0,0,0,0,164,278,8,12,6,17114,0,211,1,385,294,126,62,973,0,0,1,152,82,512,0,0,0,0,748,451,226,6,0,0,0,0,0,16,10,2,0,0,0,0,0,1,0,0,0,0,0,0,0,0,2259,0,0,1830,946,2472,1521,3081,1524,5682,3798,4640,3834,2589,4572,3957,2811,3715,5091,5008,3964,4074,0,6,1,1,0,0,0,0,0,0,3,1840,70,148,64,900,10,0,0,498,304,697,60,239,438,431,472,183,87,107,341,540,81,437,1,0,0,1552,830,0,1278,301,0,460,0,91,914,241,1270,0,0,0,0,381,51,0,140,1076,404,37,191,39,62,353,2,0,0,0,1659,205,877,473,319,370,0,0,196,136,144,700,353,247,0,733,172,0,0,1022,252,46,149,268,189,412,1,0,291,70,296,231,179,332,310,438,415,644,208,361,134,427,0,1,0,0,0,0,0,0,0,0,0,0,0,0,0,0,614,1289,418,1665,592,700,704,799,653,232,777,1253,383,1596,268,820,648,776,484,535,417,366,691,0,752,163,0,7,0,0,0,312,864,725,329,242,329,181,185,274,483,699,200,1372,355,599,800,266,491,194,2234,261,1,553,0,136,0,0,0,274,387,366,266,346,984,1300,362,706,1584,810,489,594,499,1,454,1514,817,0,28,0,0,942,878,1130,0,0,225,839,706,427,0,1,0,0,0,0,27,0,0,90,21,424,0,12,0,320,172,1,3,0,0,494,0,31,0,63,364,144,566,0,1,399,0,5,501,0,2,483
44,Recels,0,20,83,11,8,29,13,28,7,20,17,24,5,15,15,1,4,19,7,4,1,1,0,18,332,58,39,55,28,17,5,10,15,37,9,14,8,65,0,0,29,25,5,10,3,4,0,6,0,7,0,1,1,0,15,103,41,34,20,14,50,37,69,43,34,335,389,231,96,0,137,12,8,1,7,9,27,30,101,23,25,42,25,12,0,15,6,5,0,0,11,121,13,13,60,7,0,13,29,0,0,1,100,15,20,2,103,12,40,13,12,45,37,21,138,5,9,19,2,0,0,15,20,0,0,0,0,10,0,0,0,0,89,18,44,1,0,0,2,13,465,14,7,5,0,3,0,6,687,9,4,5,0,21,279,20,99,40,0,0,0,0,2,1,17,196,5,47,69,4,86,0,1,5,176,27,31,9,13,29,18,126,62,13,0,11,116,100,5,24,23,0,7,0,380,14,79,0,0,14,176,25,12,40,13,10,3,153,34,11,2,7,26,5,2,7,5,183,43,13,17,15,42,0,0,0,16,164,4,2,3,38,8,7,41,1,21,17,91,21,0,0,0,0,0,0,83,16,16,6,27,24,20,34,0,8,0,3,1,7,2,10,35,84,127,40,169,10,37,646,181,126,2,12,0,46,30,43,17,97,3,7,0,0,61,0,72,8,9,4,52,69,17,37,111,3,8,46,10,0,1,0,19,105,2,2,44,2,0,3,0,6,3,74,83,8,17,8,32,0,1,0,2,27,7,5,121,1,0,0,1,0,16,290,8,8,0,2,0,113,29,8,17,3,0,1,0,28,11,0,0,18,20,187,8,9,7,1208,2,14,0,26,13,18,10,119,0,1,5,6,13,91,0,0,9,3,44,87,24,58,0,11,0,0,0,12,11,9,3,25,10,4,1,33,0,5,9,0,17,8,0,0,743,0,5,61,57,76,73,112,55,164,130,212,291,171,112,87,77,102,140,582,340,279,0,59,0,0,0,0,0,3,0,0,40,156,19,13,6,139,8,24,3,77,52,58,12,10,29,63,100,13,8,15,51,43,5,50,101,1,99,79,101,0,95,66,0,119,0,10,94,140,64,0,0,0,2,14,1,4,25,173,47,5,14,2,8,28,2,0,0,5,107,19,29,24,26,11,0,4,9,7,16,92,41,6,3,67,23,0,6,83,41,8,5,34,3,30,2,0,60,20,15,14,59,87,16,22,20,46,30,26,16,101,19,1,1,9,22,1,2,3,0,0,0,6,0,0,0,7,36,65,23,55,36,28,63,72,32,51,20,29,16,19,20,29,254,27,33,22,25,19,15,13,26,20,0,0,0,0,6,253,140,131,50,105,57,91,23,139,87,74,46,110,47,44,103,38,68,144,371,107,3,94,1,95,0,0,23,46,49,86,24,40,72,107,43,55,98,97,34,48,43,45,147,31,110,2,5,1,0,93,135,171,0,0,63,98,152,115,0,4,0,0,0,0,0,1,5,12,15,68,0,0,2,31,11,1,3,3,0,107,1,0,0,9,42,28,88,0,18,78,1,1,73,0,0,184
45,Proxénétisme,0,0,3,0,0,0,0,0,0,0,0,0,0,1,0,0,0,0,0,0,0,0,0,3,11,1,0,1,0,0,0,0,0,1,0,0,0,0,0,0,0,0,0,0,0,0,0,0,0,0,0,0,0,0,15,2,1,0,0,0,0,0,1,0,0,0,0,0,1,0,1,0,0,0,0,0,0,0,0,0,0,0,2,0,0,0,0,0,2,0,3,3,0,0,0,0,0,0,0,1,0,0,0,0,0,0,0,0,0,0,0,1,0,1,0,0,0,0,0,0,0,0,0,0,0,0,0,0,0,0,0,2,4,0,0,2,0,0,0,4,9,0,0,0,0,0,0,1,12,0,0,1,0,0,1,0,0,0,0,1,0,0,0,0,0,1,0,0,0,0,3,0,0,0,0,0,1,0,0,0,0,0,1,0,0,0,2,0,0,0,0,1,0,0,8,0,0,0,0,1,2,0,0,0,0,0,1,1,0,0,0,0,0,0,0,0,1,1,0,0,0,0,0,0,0,0,0,0,0,0,0,0,0,0,0,0,0,0,0,0,0,0,0,0,0,0,0,0,0,0,0,0,0,0,0,0,0,0,0,0,0,0,0,0,2,0,0,0,0,19,0,1,0,0,0,1,1,0,0,0,0,0,0,0,0,0,0,0,0,0,0,0,0,0,1,0,0,0,0,0,0,0,0,0,0,0,0,0,0,0,0,0,0,1,0,0,0,0,0,0,0,0,0,0,0,0,0,0,0,0,0,0,1,2,0,0,0,0,0,2,0,0,0,0,0,0,0,0,0,0,0,5,0,0,0,0,0,14,0,0,0,0,0,0,0,0,0,0,0,0,0,0,0,0,0,1,0,0,0,0,0,0,0,0,0,1,5,2,0,0,0,0,6,0,48,1,0,0,0,0,0,0,0,0,2,0,0,0,0,0,0,0,0,0,0,0,0,0,0,6,0,0,0,0,0,0,0,0,0,0,0,0,0,0,3,3,0,0,0,6,0,0,1,0,0,0,0,2,0,0,0,0,0,0,1,1,0,0,4,0,1,0,1,0,1,0,0,3,0,0,1,0,0,0,0,0,2,0,0,0,0,0,0,0,0,0,0,0,0,0,0,0,2,0,0,0,0,0,0,0,0,0,0,2,1,0,0,1,0,0,1,2,2,0,0,0,0,0,0,0,0,0,0,0,0,0,0,0,0,0,0,0,0,0,2,0,0,0,0,0,0,0,12,0,0,0,0,0,0,0,0,0,0,1,0,0,1,0,0,0,0,0,0,0,0,0,1,0,0,0,0,0,0,1,0,0,0,0,0,0,0,0,0,0,0,1,1,0,0,0,0,0,0,0,0,0,0,0,0,1,0,0,1,2,0,0,0,0,3,0,0,0,0,0,0,0,0,0,0,0,0,0,1,4,0,0,0,0,0,0,0,0,0,0,0,0,0,0,0,0,0,2,1,0,0,0,0,0,0,0,0,0,0,0,0,1,0,0,0,0,0,0,0,0,0,0,0,0,3,0,0,0,0,0,1,0,0,0
46,Viols sur des majeur(e)s,0,0,11,3,6,5,0,13,5,7,4,3,2,1,0,0,1,3,0,0,0,0,0,0,51,8,11,16,3,3,2,1,2,10,1,2,4,17,0,0,12,6,0,1,5,0,0,0,0,0,0,0,0,0,0,20,9,8,4,1,8,5,12,9,2,68,36,24,41,0,42,5,1,0,1,8,18,3,28,7,3,4,11,5,0,4,2,0,0,0,0,31,1,5,12,1,0,6,5,0,0,0,20,2,11,0,14,6,6,10,4,23,17,5,16,1,5,17,0,0,0,0,6,0,0,0,0,3,0,0,0,0,18,12,1,0,0,0,1,0,138,1,8,5,0,1,0,0,132,2,0,0,0,3,73,6,8,11,0,0,0,0,0,0,1,59,2,9,9,0,51,0,0,0,42,2,4,4,9,1,3,5,13,1,0,2,29,7,11,4,7,0,0,0,121,3,9,0,0,0,65,10,3,10,6,4,0,31,11,3,0,0,17,1,2,12,0,29,6,4,1,9,20,0,0,0,0,57,2,1,2,5,1,2,1,0,4,2,21,5,0,0,0,0,0,0,25,6,2,0,6,14,6,2,0,0,0,0,0,0,0,0,3,22,28,11,29,2,14,118,34,13,0,0,1,17,9,14,8,2,5,0,0,0,1,0,23,2,0,5,11,12,12,18,40,0,0,10,1,0,0,0,2,34,0,0,1,0,0,0,0,0,0,27,14,2,1,1,6,0,0,0,0,0,0,0,37,0,0,0,0,0,1,54,1,3,0,0,0,20,7,2,1,0,0,0,0,0,0,0,0,1,1,9,0,0,0,138,2,7,0,7,3,7,3,46,0,0,0,3,4,19,0,0,0,1,10,17,4,0,0,0,0,0,0,97,128,95,0,0,0,0,0,0,0,0,0,0,0,0,0,0,11,0,0,12,5,16,13,19,10,8,23,19,31,18,17,20,29,14,22,20,26,25,0,0,0,0,0,0,0,0,0,0,1,83,6,3,1,26,0,0,0,21,10,10,2,7,3,14,13,2,2,0,10,11,2,9,1,0,0,18,20,0,35,16,0,11,0,2,14,11,15,0,0,0,0,10,1,0,3,43,9,1,10,2,2,15,0,0,0,0,33,7,7,7,5,7,0,0,4,0,7,26,9,2,3,22,4,0,0,24,6,1,4,8,14,6,0,0,9,10,7,12,9,14,2,10,5,13,4,6,8,20,1,0,0,0,0,2,0,0,0,0,5,0,0,0,0,2,8,11,5,17,14,15,12,12,5,5,1,2,2,4,5,14,10,9,7,8,3,7,8,1,6,3,0,0,0,0,0,34,18,23,26,6,19,12,2,17,14,20,10,19,10,6,15,6,9,11,39,17,1,12,0,0,0,0,9,5,5,6,4,7,8,23,4,12,36,9,8,1,8,0,20,5,10,0,0,0,0,1,25,35,0,0,14,17,22,15,0,4,0,0,0,0,0,0,2,1,2,18,0,0,0,17,5,0,0,0,0,20,0,0,0,11,24,2,28,0,0,14,0,0,6,0,0,19
47,Viols sur des mineur(e)s,0,0,12,2,1,1,10,17,6,2,6,4,3,0,0,0,4,5,0,0,0,0,0,0,42,4,5,9,6,2,3,0,1,4,1,3,0,24,0,0,14,3,2,2,3,0,0,0,0,0,0,0,0,0,0,10,1,1,2,1,6,4,10,9,5,29,16,24,62,0,27,2,1,1,8,5,23,2,12,3,1,8,9,6,0,9,0,0,0,0,1,20,1,1,10,2,0,3,11,0,0,0,15,4,7,0,20,12,3,7,4,15,13,5,22,0,6,7,0,0,0,0,9,0,0,0,0,6,0,0,0,0,10,3,1,0,0,0,0,0,48,1,4,0,0,0,0,0,80,0,0,0,0,0,46,2,10,5,0,0,0,0,0,0,1,46,2,5,6,0,23,0,0,0,27,4,1,4,1,8,2,4,11,4,0,0,17,9,9,5,5,0,0,0,57,3,14,0,0,0,30,5,2,9,1,1,2,17,16,2,0,0,16,3,3,6,0,28,7,4,3,10,7,0,0,0,0,35,4,2,2,4,4,2,2,0,5,3,12,3,0,0,0,0,0,0,19,3,3,5,5,11,3,3,0,0,0,0,0,0,0,2,9,25,38,22,51,2,16,89,32,26,0,0,0,12,9,18,11,7,1,1,0,0,1,0,9,4,1,1,19,13,15,29,50,2,6,9,1,0,0,0,0,16,0,0,1,0,0,0,0,0,0,23,11,2,0,1,4,0,0,0,0,0,0,0,22,0,0,0,0,0,0,41,4,0,0,0,0,22,10,2,2,0,0,0,0,0,0,0,0,1,5,8,0,0,0,104,1,4,0,8,4,5,2,41,0,0,0,0,4,16,0,0,0,0,5,6,4,0,0,0,0,0,0,0,1,0,0,0,0,0,133,0,0,0,0,0,0,0,0,0,5,0,0,3,1,0,0,1,0,1,2,8,2,3,0,1,1,0,0,1,7,1,0,0,0,0,0,0,0,0,0,0,2,97,6,6,4,34,0,0,0,23,12,2,3,3,10,14,15,1,3,3,9,6,5,8,19,0,2,21,7,0,19,17,0,12,0,2,2,7,9,0,0,0,36,7,9,1,7,43,14,0,7,0,0,8,0,0,0,0,26,3,8,3,3,3,0,0,3,1,3,17,8,0,0,25,11,0,0,25,15,4,9,7,4,11,0,0,12,2,4,9,3,8,3,4,6,7,5,4,3,13,3,0,0,0,0,8,0,0,0,0,8,0,0,0,0,0,4,8,6,7,4,8,8,8,3,1,2,4,1,1,3,7,6,5,5,7,3,3,2,19,3,2,0,0,0,0,0,4,18,13,12,8,4,10,6,9,7,8,7,15,7,6,4,5,8,5,15,8,15,10,0,0,0,0,0,1,3,1,1,0,0,4,0,1,6,1,0,3,1,96,3,3,5,0,0,0,0,1,14,24,0,0,15,13,12,21,0,28,0,0,0,0,0,0,0,0,0,16,0,0,0,12,5,0,0,0,0,24,0,0,0,9,31,7,25,0,0,24,0,0,5,0,0,22
48,Harcèlements sexuels et autres agressions sexuelles contre des majeur(e)s,0,0,14,3,0,7,2,12,1,11,10,7,2,2,0,0,2,7,0,0,0,0,0,0,82,16,5,14,6,4,2,4,0,13,3,0,1,30,0,0,9,4,2,1,11,0,0,0,0,1,0,0,0,0,1,35,10,13,4,0,5,12,10,14,7,83,39,51,7,0,49,4,4,2,5,2,22,3,26,4,8,5,15,7,0,15,6,0,0,0,2,40,5,4,15,2,0,1,6,0,0,0,30,1,14,0,17,5,2,6,8,11,14,9,32,2,8,16,0,0,0,0,7,0,0,0,0,12,0,0,0,0,22,3,3,0,0,0,5,0,174,3,2,2,0,1,0,0,154,2,0,0,0,0,89,6,19,10,0,0,0,0,0,0,4,89,5,15,15,0,68,0,0,0,48,4,9,7,12,5,7,8,11,1,0,2,29,7,5,7,4,0,0,0,139,2,20,0,0,0,60,13,4,12,5,2,0,48,11,4,0,0,27,5,6,12,1,44,8,10,7,5,15,0,0,0,3,54,4,0,0,14,7,1,2,0,5,2,25,7,0,0,0,0,0,0,43,4,7,2,3,13,7,9,0,1,0,0,0,0,0,0,9,35,24,15,44,0,17,142,44,19,0,0,0,17,6,12,13,19,4,0,0,0,0,0,23,3,0,4,9,15,9,13,48,1,1,17,2,0,0,0,0,45,0,0,5,0,0,0,0,1,0,18,7,6,1,3,11,0,0,0,0,0,0,0,16,0,0,0,0,0,1,126,7,4,0,0,0,23,14,3,6,1,0,0,0,1,0,0,0,0,8,16,0,1,2,299,0,11,0,9,10,8,0,41,0,0,1,4,3,14,0,0,0,1,15,16,6,0,0,0,0,0,0,8,12,7,0,0,4,0,5,0,0,0,0,0,0,0,0,0,160,0,0,27,17,19,25,57,16,27,26,49,46,36,51,41,61,38,48,79,46,65,0,0,0,3,0,0,0,0,0,0,0,87,3,7,0,33,0,1,0,28,14,21,5,11,16,15,23,7,3,3,31,17,0,9,0,0,2,35,32,0,40,30,0,10,0,6,23,10,33,0,0,0,0,7,2,0,8,53,7,5,5,1,0,15,0,0,0,0,47,6,5,14,9,4,0,0,5,1,3,24,14,8,0,31,8,0,0,40,2,2,11,7,9,20,0,0,9,6,6,14,8,18,2,9,9,14,6,13,5,23,1,0,0,0,0,0,0,0,0,0,9,0,0,0,0,0,14,21,12,15,10,14,13,15,9,7,10,25,8,25,6,7,19,14,13,11,7,12,4,0,10,3,0,0,0,0,0,25,31,19,16,14,14,14,6,20,6,19,6,26,7,19,16,11,16,13,36,17,0,14,0,0,0,0,0,12,9,7,12,8,8,35,11,21,35,21,7,5,21,1,14,14,16,0,0,0,0,15,16,49,0,0,13,25,25,26,0,0,0,0,0,0,0,0,0,1,1,12,1,0,0,8,9,0,0,0,0,10,0,2,0,12,19,6,21,0,0,4,0,0,23,0,0,20
49,Harcèlements sexuels et autres agressions sexuelles contre des mineur(e)s,0,0,16,1,8,2,10,26,8,14,4,14,6,4,0,0,0,3,0,0,0,0,0,0,50,14,6,18,12,8,10,5,6,11,14,3,0,29,0,0,10,5,9,4,9,0,0,0,0,0,0,0,0,0,0,29,9,9,4,2,13,9,12,25,14,41,23,46,84,0,69,5,6,2,3,5,32,7,24,11,6,14,18,7,0,15,2,0,0,0,0,60,5,0,12,6,0,6,14,0,0,0,21,8,21,0,22,21,14,14,9,28,19,9,31,6,5,9,0,0,0,0,13,0,0,0,0,12,0,0,0,0,30,17,3,0,0,0,1,2,104,2,6,0,0,0,0,0,117,10,0,0,0,0,59,3,21,10,0,0,0,0,0,0,0,75,6,17,14,0,50,0,0,1,47,10,5,6,10,3,13,12,20,6,0,0,42,19,14,14,8,0,0,0,111,6,19,0,0,0,80,17,5,14,10,2,6,71,21,10,0,0,46,4,4,13,0,55,15,12,13,10,21,0,0,0,0,60,7,7,3,23,3,1,6,0,9,6,29,14,0,0,0,0,0,0,50,9,9,3,9,21,12,7,0,0,0,0,0,0,0,0,27,61,75,28,100,4,20,185,61,43,0,0,0,19,17,23,19,3,6,0,0,0,0,0,54,15,2,5,40,43,30,44,153,4,16,25,0,0,0,0,0,46,1,0,3,0,0,0,0,0,1,39,18,6,5,6,6,0,0,0,0,0,0,0,41,0,0,0,0,0,0,68,5,7,0,0,0,42,14,3,5,0,0,0,0,0,0,0,0,0,8,17,0,0,0,237,2,3,0,14,12,14,3,60,0,0,0,8,4,26,0,0,0,0,9,9,7,0,0,0,0,0,0,0,0,0,0,0,1,0,181,0,0,0,0,0,0,0,0,0,26,0,0,3,1,1,3,3,3,7,4,4,6,13,11,5,13,8,11,6,11,8,0,0,0,0,0,0,0,0,0,0,2,140,9,14,4,61,0,0,0,29,18,9,4,6,13,26,18,8,4,6,9,9,9,17,35,0,0,34,36,0,35,33,0,9,0,8,16,8,27,0,0,0,54,17,14,0,17,66,16,2,12,1,5,12,0,0,0,0,61,10,25,6,10,8,0,0,8,6,6,26,14,11,0,29,11,0,1,40,12,8,3,20,11,39,0,0,12,7,8,14,12,25,7,8,13,14,8,13,6,26,6,0,0,0,0,6,0,0,0,0,15,0,0,0,0,0,14,14,0,12,9,10,8,13,6,4,5,2,4,14,13,8,18,2,4,14,7,9,8,33,9,5,0,0,0,0,0,16,33,15,5,17,17,14,4,11,15,14,9,9,19,11,13,6,12,4,30,8,21,5,0,1,0,0,0,7,9,1,4,6,6,8,5,8,14,14,3,5,8,132,9,10,15,0,0,0,0,3,23,42,0,0,17,22,28,14,0,21,0,0,0,0,0,0,0,1,0,25,0,0,0,25,13,0,0,0,0,24,0,0,0,22,69,12,49,0,0,14,0,0,14,0,0,32
50,Atteintes sexuelles,0,0,14,2,2,7,10,17,9,9,6,9,6,9,0,0,4,9,0,0,0,0,0,6,81,19,11,21,14,6,3,0,1,21,8,6,8,28,0,0,10,7,3,2,4,0,0,0,0,1,0,0,0,0,1,20,8,7,6,1,26,10,12,21,2,44,22,58,27,0,43,6,6,3,4,8,41,9,23,13,12,6,11,7,0,9,2,1,0,0,2,65,4,3,6,1,0,14,9,0,0,0,26,2,18,0,37,9,8,4,9,12,26,11,30,5,13,17,0,0,0,0,6,0,0,0,0,13,0,0,0,0,40,18,2,0,0,0,0,6,119,2,6,0,0,0,2,4,118,11,0,0,0,0,79,13,17,7,0,0,0,0,0,0,5,59,2,13,8,0,45,0,0,3,48,8,7,3,6,7,9,12,18,4,0,0,33,13,7,8,11,0,1,0,101,8,12,0,0,6,52,18,10,13,11,2,1,42,17,6,0,0,23,3,4,7,0,49,16,14,6,3,30,0,0,0,0,50,5,2,5,14,3,1,10,0,6,8,29,5,0,0,0,0,0,0,32,7,8,6,3,26,4,3,0,2,0,0,0,0,0,8,17,45,38,26,91,2,24,149,22,28,0,1,0,15,8,13,11,10,2,0,0,0,2,0,33,6,3,10,21,26,18,40,94,4,8,18,2,0,0,0,2,40,2,0,2,0,0,0,0,0,0,31,16,8,7,4,6,0,0,0,1,0,0,0,32,0,1,0,1,0,1,84,8,4,0,0,0,39,15,4,4,1,0,0,0,0,0,0,0,3,4,17,0,0,0,168,0,11,0,16,11,10,2,65,0,0,1,3,8,22,0,0,0,0,7,10,9,0,0,0,1,0,0,0,0,0,0,0,0,0,97,0,0,0,0,0,0,0,0,0,43,0,0,6,8,2,5,16,12,18,8,14,16,19,22,15,26,45,19,37,18,19,0,0,0,0,0,0,0,0,0,0,3,100,10,11,4,50,0,1,0,25,15,15,5,6,13,24,28,6,3,3,14,19,9,20,19,0,0,37,24,0,34,22,0,11,0,6,11,12,32,0,0,0,13,16,4,1,12,55,11,1,17,1,1,13,0,0,0,1,41,11,16,10,11,10,0,0,12,8,7,44,14,11,0,45,5,0,3,34,7,4,8,14,7,17,0,0,9,8,4,10,10,14,4,15,2,21,8,17,9,25,8,0,0,0,0,260,0,0,0,0,107,0,0,0,0,1,13,25,4,14,21,14,6,11,11,6,12,9,7,10,6,6,16,6,12,11,7,5,5,3,9,4,0,0,0,0,0,21,13,20,15,14,6,10,10,16,15,22,8,18,12,19,5,9,10,5,25,13,5,10,0,3,0,0,0,5,12,10,6,11,10,17,12,9,19,19,11,10,13,27,12,6,11,0,1,0,0,8,21,58,0,0,13,19,29,17,0,7,0,0,0,0,1,0,0,5,0,20,0,0,1,23,6,0,0,0,0,15,0,0,0,12,22,9,37,0,0,7,0,0,9,0,0,30
51,Homicides commis contre enfants de moins de 15 ans,0,0,0,0,0,0,0,0,0,0,0,0,0,0,0,0,0,0,0,0,0,0,0,0,0,0,1,0,0,0,0,0,0,0,0,0,0,0,0,0,0,0,0,0,0,0,0,0,0,0,0,0,0,0,0,0,0,0,0,0,0,0,0,0,0,0,0,0,0,0,0,0,0,0,0,0,0,0,0,0,0,0,0,0,0,0,0,0,0,0,2,0,0,0,0,0,0,0,0,0,0,0,0,1,0,0,0,0,0,0,0,0,0,0,0,0,0,0,0,0,0,0,0,0,0,0,0,0,0,0,0,0,0,0,0,0,0,0,0,0,0,0,0,0,0,0,0,0,0,0,0,0,0,0,0,0,1,0,0,0,0,0,0,0,0,0,0,0,0,0,0,0,0,0,1,0,0,0,0,0,0,0,0,0,0,0,0,0,0,0,0,0,0,0,1,0,0,0,0,0,0,0,0,0,0,0,0,1,0,0,0,0,0,0,0,0,0,0,0,0,0,0,0,0,0,0,0,2,0,0,0,0,0,0,0,0,0,0,0,0,0,0,0,0,0,0,0,0,0,0,0,0,0,0,0,0,0,0,0,0,0,0,0,0,1,0,0,0,0,0,0,0,0,0,0,0,0,0,0,0,0,0,0,0,0,0,0,0,0,0,0,0,0,0,1,0,0,0,0,0,0,0,0,0,0,0,0,0,0,0,0,2,0,0,0,0,0,0,0,0,0,0,0,0,0,0,0,0,0,0,0,0,0,0,0,0,0,0,0,0,0,0,0,0,0,0,0,0,0,0,0,1,0,0,0,0,0,0,0,0,0,0,0,0,0,0,0,0,0,0,0,0,0,0,0,0,0,0,0,0,0,0,0,0,0,0,0,0,0,0,0,0,3,0,0,0,0,0,0,0,0,0,0,0,0,0,0,0,0,0,0,0,0,0,1,0,0,0,0,0,0,0,0,0,0,0,0,0,0,0,0,0,0,0,0,0,0,0,0,0,0,0,0,0,0,0,0,0,0,1,0,0,0,0,0,0,0,0,0,0,0,0,0,0,0,0,0,0,0,0,0,0,0,0,0,0,0,0,0,0,0,0,0,0,0,0,0,0,0,0,0,0,0,0,0,0,0,0,0,0,0,0,0,0,0,0,0,0,0,0,0,0,0,0,0,0,0,0,0,0,0,0,0,0,0,0,0,0,0,0,0,0,0,0,1,0,0,0,0,0,0,0,0,0,0,0,0,0,0,0,0,0,0,0,0,0,0,0,0,0,0,0,0,0,0,0,0,0,0,0,0,0,0,0,0,0,0,0,0,0,0,0,0,0,0,0,0,0,0,0,0,0,0,0,0,0,0,0,0,0,0,0,0,0,0,0,0,0,0,0,0,0,0,0,0,0,0,0,0,0,0,0,0,0,0,0,0,0,0,0,0,0,0,0,0,0,0,0,0,0,0,0,0,0,0,0,0,0,0,0,0,0,0,0,0,2,0,0,0,0,0,0,0,0,0,0,0,0,1,0,0,0,0,0,0,0,0,0
52,"Violences, mauvais traitements et abandons d'enfants.",0,0,51,27,26,37,39,85,34,32,20,56,14,19,0,0,9,21,0,0,0,0,0,0,249,54,51,83,48,27,12,13,4,56,24,12,20,163,0,0,51,44,12,13,16,1,0,0,0,0,0,0,0,0,0,79,29,49,36,12,75,22,76,96,33,228,223,246,120,1,186,11,15,7,30,18,87,20,42,22,21,24,59,29,0,52,13,1,0,0,0,134,23,11,70,17,0,14,32,0,0,0,158,26,103,0,107,20,45,60,28,95,102,52,126,31,13,56,0,0,0,0,33,0,0,0,0,36,0,0,0,0,147,48,14,1,0,0,0,0,448,12,11,0,0,0,0,0,434,13,0,0,0,0,219,27,82,56,0,0,0,0,0,0,0,160,28,53,42,0,199,0,0,0,221,42,28,30,32,27,25,35,94,26,0,0,191,47,38,67,19,0,1,0,379,12,68,0,0,0,399,92,4,35,8,10,0,221,48,31,0,0,96,12,12,32,0,259,105,42,21,38,52,0,0,0,0,241,29,25,15,69,24,13,12,0,19,28,91,42,0,0,0,0,0,0,165,36,30,11,18,146,41,26,0,1,0,0,0,0,0,0,55,282,183,143,427,20,74,574,220,139,0,0,0,100,59,79,44,24,12,0,0,0,2,0,191,34,24,28,141,111,62,172,596,30,32,88,4,0,0,0,0,137,3,2,9,0,0,0,0,0,0,97,65,13,8,4,33,0,0,0,0,0,0,0,147,0,0,0,0,0,0,498,38,36,0,0,0,181,81,13,25,0,0,0,0,0,0,0,0,0,47,73,3,10,1,897,0,35,0,49,66,49,13,326,0,0,0,13,15,56,0,0,0,0,35,63,34,0,0,0,0,0,0,0,0,0,0,0,1,0,177,0,0,0,0,0,0,0,0,0,6,0,0,9,7,20,19,42,19,34,20,46,61,47,80,71,115,68,73,94,111,90,0,2,0,0,0,0,0,0,0,0,0,386,43,56,25,200,0,0,0,199,126,90,28,36,84,107,239,49,25,36,107,102,29,94,17,0,0,128,140,0,244,76,0,67,1,17,103,108,95,0,0,0,95,50,12,0,45,192,39,10,33,10,21,53,0,0,0,0,250,39,76,39,36,33,0,0,14,11,24,87,57,18,0,109,33,0,1,112,52,13,28,85,77,118,0,0,45,66,51,63,42,98,29,31,58,51,30,61,40,162,9,1,0,0,0,3,0,0,0,0,0,0,0,0,0,0,58,67,50,43,49,78,54,62,48,28,16,6,22,22,29,36,103,17,28,43,38,28,40,15,34,39,0,0,0,0,0,89,160,115,82,98,88,70,35,101,75,101,67,82,73,81,70,55,64,57,199,45,5,42,0,0,0,0,0,38,73,73,19,45,60,132,37,45,142,89,40,28,39,26,68,13,69,0,0,0,0,3,185,192,2,0,70,103,151,142,0,8,0,0,0,0,0,0,0,10,1,100,0,4,0,93,44,0,0,0,0,143,0,0,0,56,106,31,147,0,0,90,0,0,53,0,0,166
53,Délits au sujet de la garde des mineurs,0,0,15,10,6,10,13,19,9,11,22,16,7,18,0,0,5,7,0,1,0,0,0,0,99,31,51,28,8,30,6,13,4,27,3,4,14,85,0,0,14,20,7,8,12,0,0,0,0,0,0,0,0,0,0,55,16,19,15,21,72,19,29,23,18,64,61,133,12,0,51,3,1,11,0,7,52,18,27,10,16,11,30,6,0,22,1,1,0,0,2,79,3,10,14,2,0,15,9,0,0,0,24,22,45,0,46,36,33,32,9,25,36,30,85,11,5,30,0,0,0,0,11,0,0,0,0,26,0,0,0,0,91,28,12,0,0,0,0,0,236,11,7,0,0,0,0,0,278,16,0,0,0,0,110,19,40,24,0,0,0,0,0,0,1,68,1,10,4,0,80,0,0,0,153,24,12,8,13,4,10,5,29,7,0,0,44,5,14,20,22,0,0,0,130,10,26,0,0,0,86,14,7,23,12,4,0,69,14,11,0,0,21,6,4,12,0,97,25,17,10,6,38,0,0,0,0,108,19,15,3,12,8,3,15,0,12,16,52,21,0,0,0,0,0,0,41,14,17,3,5,40,13,12,0,0,0,0,0,0,0,0,20,64,57,48,141,6,19,150,41,85,0,0,0,9,12,7,16,3,6,0,0,0,0,0,43,10,3,0,31,35,35,81,175,8,11,12,3,0,0,0,0,78,0,2,10,0,0,0,0,0,0,55,22,10,15,5,36,0,0,0,0,0,0,0,52,0,0,0,0,0,0,168,21,12,0,1,0,56,20,3,7,0,0,0,0,1,0,0,0,0,9,22,8,3,3,385,0,23,0,11,10,7,8,80,0,0,0,14,16,42,0,0,0,0,10,36,29,0,0,0,0,0,0,0,0,0,0,0,0,0,5,0,0,0,0,0,0,0,0,0,0,0,0,3,4,4,2,22,18,9,7,16,41,14,35,27,51,57,40,13,46,25,0,0,0,0,0,0,0,0,0,0,0,98,14,24,13,112,0,0,0,21,18,10,6,14,33,27,38,14,5,10,25,38,8,21,3,0,0,46,47,0,62,23,0,26,0,13,18,15,90,0,0,0,0,13,6,0,14,119,8,7,18,3,10,45,0,0,0,0,70,21,46,21,30,12,0,0,27,10,14,43,10,17,0,41,10,0,0,63,18,11,5,18,11,47,0,0,22,20,14,1,25,14,15,6,20,34,5,10,16,47,0,0,0,0,0,0,0,0,0,0,0,0,0,0,0,0,9,3,3,44,24,44,11,40,33,5,9,0,9,3,18,14,5,3,11,30,12,10,21,0,11,16,0,0,0,0,0,19,41,17,9,15,23,18,10,7,22,8,19,27,13,19,1,23,15,6,10,5,2,19,0,0,0,0,0,16,15,11,7,28,19,29,18,15,34,28,12,15,20,0,27,12,21,0,0,0,0,0,52,84,0,0,11,31,57,75,0,0,0,0,0,0,0,0,0,2,2,32,0,0,0,9,0,0,1,1,0,0,0,0,0,26,31,4,16,0,0,3,0,0,8,0,0,47
54,Non versement de pension alimentaire,0,0,14,4,2,4,3,5,5,5,6,8,4,6,0,0,1,6,0,0,0,0,0,0,79,25,32,22,4,11,4,4,4,5,0,1,2,29,0,0,9,12,5,1,7,0,0,0,0,0,0,0,0,0,0,31,7,13,8,16,38,19,10,23,11,75,31,77,0,0,12,1,0,2,4,2,11,5,9,4,7,4,9,3,0,5,2,0,0,0,0,46,5,2,12,2,0,13,4,0,0,0,2,8,16,0,15,10,13,7,7,10,18,12,25,7,4,8,0,0,0,0,5,0,0,0,0,15,0,0,0,0,44,8,2,0,0,0,0,0,75,6,4,0,0,0,0,0,104,7,0,0,0,0,30,15,5,15,0,0,0,0,0,0,0,22,4,8,3,0,28,0,0,0,40,10,9,4,4,2,6,6,12,0,0,0,21,10,4,2,6,0,0,0,43,4,6,0,0,0,40,15,2,12,2,5,0,9,9,8,0,0,8,1,6,3,0,61,7,9,3,5,15,0,0,0,0,30,4,4,2,10,3,1,4,1,3,3,33,6,0,0,0,0,0,0,22,15,6,1,11,25,9,4,0,0,0,0,0,0,0,0,7,24,33,17,58,2,16,59,6,29,0,0,0,7,4,8,1,0,4,0,0,0,0,0,15,5,1,1,15,11,13,30,66,6,1,11,0,0,0,0,0,22,1,0,3,0,0,0,0,0,0,17,23,3,4,2,21,0,0,0,0,0,0,0,27,0,0,0,0,0,0,53,11,4,0,0,0,42,14,9,4,0,0,0,0,0,0,0,0,0,8,19,9,5,5,235,0,5,0,4,3,4,4,21,0,0,0,10,5,11,0,0,0,0,15,19,22,0,0,0,0,0,0,0,0,0,0,0,0,0,0,0,0,0,0,0,0,0,0,0,0,0,0,0,1,0,2,7,5,4,8,12,10,3,10,14,19,27,21,13,14,17,0,0,0,0,0,0,0,0,0,0,0,36,9,9,2,47,0,0,0,12,8,10,0,7,12,13,24,5,6,12,17,13,8,12,0,0,0,26,24,0,29,18,0,21,0,6,4,6,38,0,0,0,0,8,0,0,5,15,7,3,4,2,3,8,0,0,0,0,61,12,27,13,22,11,0,0,11,12,13,35,4,7,0,7,2,0,0,29,10,2,1,9,6,20,0,0,12,6,8,2,14,6,4,1,12,17,1,4,11,12,0,0,0,0,0,0,0,0,0,0,6,0,0,0,0,0,3,2,4,23,10,16,10,29,10,1,0,1,6,3,8,7,4,0,2,16,3,7,9,0,1,5,0,0,0,0,0,12,24,20,8,13,13,17,5,2,25,3,8,11,14,6,0,7,4,2,3,7,0,3,0,0,0,0,0,7,10,6,4,17,5,5,5,8,14,14,7,5,12,0,14,6,9,0,0,0,0,0,45,33,0,0,16,17,32,46,0,0,0,0,0,0,0,0,0,2,0,17,0,1,0,3,2,0,0,0,0,6,0,0,0,9,23,2,4,0,0,4,0,0,11,0,0,39
55,Trafic et revente sans usage de stupéfiants,0,2,5,3,2,3,0,1,1,4,0,2,1,2,0,0,0,1,0,0,0,0,0,20,108,4,2,10,1,2,1,0,0,2,0,0,2,11,0,1,0,1,0,2,5,0,0,0,0,0,0,0,0,0,42,19,2,9,1,3,26,3,25,8,4,44,478,83,47,0,24,0,0,0,1,3,3,1,18,4,0,1,2,0,0,4,2,0,0,0,23,12,1,5,8,1,1,3,3,0,0,0,36,5,8,1,31,1,8,0,1,11,14,35,22,1,3,4,0,0,0,5,5,0,0,0,0,1,0,0,0,3,15,0,2,1,0,0,0,21,109,1,1,0,0,0,0,17,43,2,0,0,0,10,1,3,7,5,0,0,0,0,0,0,32,50,0,7,0,5,8,0,0,6,28,7,2,1,2,3,2,7,6,3,0,3,22,0,3,5,2,0,0,0,47,5,12,0,0,10,21,2,0,0,0,0,3,3,1,1,0,0,3,3,2,0,1,23,0,3,1,0,3,0,0,0,18,32,0,1,0,5,3,9,3,0,2,2,9,17,0,0,0,0,0,0,82,3,3,1,2,28,3,3,0,0,0,0,0,0,0,48,3,6,14,13,13,2,7,364,64,30,0,0,7,12,31,25,0,0,0,0,0,0,0,25,7,1,0,0,7,4,0,12,12,1,0,11,0,0,0,0,12,17,1,0,1,0,0,1,0,36,7,7,7,4,5,0,2,0,0,0,1,5,12,49,12,1,0,0,0,0,31,39,1,3,0,0,0,41,1,4,1,4,0,0,0,0,0,0,0,37,0,4,0,1,1,194,0,1,0,3,5,0,4,5,0,0,0,0,3,21,0,0,0,7,22,3,2,0,0,0,0,0,0,12,24,32,0,0,0,0,0,1,0,0,269,0,0,0,0,0,1,0,0,19,36,28,5,55,24,11,13,154,35,76,44,23,56,46,29,112,140,80,0,2,0,0,1,0,0,0,0,0,30,20,2,2,0,29,1,1,1,20,7,8,2,0,3,9,18,0,4,3,46,9,1,16,9,0,14,42,18,0,42,28,0,32,0,1,10,9,26,0,0,0,7,7,0,5,2,33,0,0,1,2,1,2,0,0,0,0,116,15,14,5,16,6,0,2,22,6,5,33,2,0,8,26,2,0,11,31,6,0,0,3,0,11,0,0,2,9,11,22,15,23,22,6,7,16,10,11,5,13,24,0,0,0,0,0,0,0,0,331,0,3,0,0,0,14,12,12,2,40,7,7,19,81,2,15,6,2,4,0,1,10,93,14,5,11,22,4,3,24,6,7,0,0,0,0,14,125,141,47,57,7,59,43,10,109,10,150,15,47,12,25,38,8,16,64,95,174,15,16,0,6,0,0,56,11,12,16,4,9,17,39,7,10,47,74,7,3,8,72,17,7,30,0,0,0,0,6,54,61,0,0,25,24,58,65,0,8,0,0,0,0,0,0,34,2,1,12,0,0,230,6,0,0,4,0,0,26,0,0,0,0,3,3,11,0,2,4,0,0,15,0,0,50
56,Usage-revente de stupéfiants,0,2,29,12,4,8,5,15,6,18,11,65,14,2,0,0,1,13,0,0,0,0,0,0,183,33,16,38,13,15,7,5,8,22,2,11,3,56,0,0,23,21,7,3,21,1,0,0,0,0,0,0,1,0,0,53,16,56,14,4,53,21,13,18,3,59,26,41,16,0,69,21,7,12,14,25,22,7,19,22,14,21,16,2,0,15,16,0,0,0,57,76,3,21,71,12,6,8,22,0,0,0,70,12,28,0,42,2,18,1,12,42,44,16,69,15,36,5,0,0,0,11,10,0,0,0,0,10,0,0,0,2,54,6,7,0,0,0,0,52,746,9,8,2,0,0,0,0,352,8,0,0,0,9,124,57,39,26,0,0,0,0,0,0,27,65,5,61,18,7,93,0,0,2,81,25,23,11,15,14,10,36,28,19,0,3,43,13,13,4,5,0,0,0,172,3,43,0,0,1,78,7,11,26,1,3,6,101,28,46,0,0,47,53,8,62,0,56,7,29,19,7,22,0,0,0,9,115,12,13,1,24,6,5,9,1,21,7,76,39,0,0,0,0,0,0,43,6,13,2,8,63,26,16,0,0,0,0,0,0,0,1,10,82,61,30,58,19,49,298,114,20,0,0,0,20,39,20,4,4,0,0,0,0,0,10,55,1,3,9,71,39,3,38,75,5,2,32,0,0,0,0,30,62,0,1,0,0,0,0,0,11,9,40,40,7,7,6,19,0,0,0,0,1,0,0,70,0,0,0,0,0,8,224,9,6,0,0,0,75,34,3,5,0,0,0,0,0,0,0,0,6,1,48,0,0,0,482,0,6,0,35,43,14,13,65,0,0,0,3,4,34,0,0,0,1,28,93,15,0,0,0,0,0,0,28,19,6,0,0,0,0,0,1,1,0,84,0,0,0,0,0,3,0,0,37,37,35,19,90,35,33,60,220,128,186,97,32,102,108,92,397,170,135,0,0,0,0,1,0,0,0,0,0,15,61,20,89,7,23,0,5,4,80,31,14,14,4,10,60,37,5,7,16,61,25,7,28,67,0,12,14,79,0,44,25,0,22,0,10,53,52,56,0,0,0,25,16,10,1,5,54,12,1,21,9,0,26,0,0,0,0,225,18,65,15,46,7,0,5,39,37,10,139,25,21,43,81,29,0,64,39,25,7,9,5,16,56,0,0,11,12,27,24,45,63,21,49,2,5,19,27,4,51,1,0,0,0,0,0,0,0,0,0,0,0,0,0,0,21,11,15,7,29,16,18,8,19,17,28,10,3,5,1,5,9,73,10,3,15,16,12,3,18,7,4,0,0,0,0,11,33,361,68,126,23,75,125,10,364,25,101,37,35,20,48,24,21,15,22,251,77,0,38,0,10,0,0,1,16,29,40,6,15,47,74,45,36,124,44,26,12,36,109,61,19,50,0,0,0,0,1,91,97,0,0,6,34,17,92,0,35,0,2,7,0,0,0,0,9,0,32,0,0,2,20,7,0,0,0,0,36,0,0,0,0,14,26,40,0,0,6,0,0,56,0,0,351
57,Usage de stupéfiants,0,4,370,108,49,97,169,159,99,207,163,149,65,97,0,0,25,121,3,1,0,0,0,0,1040,230,195,406,190,90,76,80,67,337,65,30,37,348,0,0,214,162,65,159,70,19,0,0,0,0,0,0,1,0,27,478,171,275,248,61,268,156,309,138,226,660,755,777,135,0,503,167,97,121,85,76,140,211,473,217,152,61,109,48,0,320,41,18,1,1,148,382,55,80,178,23,0,141,92,0,0,1,316,170,191,0,410,142,234,131,103,523,298,202,350,135,198,184,0,0,0,32,156,0,0,0,0,111,0,0,0,0,295,113,27,0,2,0,1,10,2016,77,39,1,0,0,0,7,1863,72,0,3,0,14,747,227,335,192,0,0,0,0,0,0,60,413,82,255,193,2,606,0,0,0,340,245,160,129,193,149,151,148,310,133,0,2,928,125,114,134,173,0,1,0,1071,137,409,0,1,7,737,98,71,128,69,33,0,444,107,92,0,0,145,99,38,158,2,695,145,159,108,119,216,5,0,0,120,799,175,84,38,370,155,149,122,6,124,139,336,193,5,0,0,0,7,2,556,109,133,47,83,380,80,126,1,4,1,0,0,2,0,39,142,855,695,292,884,171,418,3385,853,621,0,0,12,188,223,365,121,39,68,1,0,0,1,32,374,45,34,27,507,207,67,297,660,21,208,243,30,0,0,0,33,385,18,6,32,0,0,0,0,62,20,258,460,114,140,55,103,0,0,0,3,8,6,2,300,6,0,0,0,0,61,1235,67,122,0,0,0,388,262,30,64,4,0,0,0,14,0,0,0,80,30,370,5,30,14,4278,0,102,0,290,152,84,61,428,0,1,3,109,40,324,0,0,0,1,404,455,207,7,0,37,0,0,0,130,89,143,1,0,0,0,0,2,0,1,392,0,0,1,0,0,31,0,0,356,354,359,338,258,237,657,418,503,514,359,327,383,556,654,352,897,1150,530,0,27,0,17,3,0,0,0,0,0,96,844,125,202,96,802,13,4,9,632,295,319,102,178,226,278,368,164,293,147,490,446,99,216,93,0,31,658,975,0,947,678,0,664,1,291,819,885,907,0,0,0,9,127,37,2,139,932,85,33,61,22,27,141,9,0,0,0,1223,249,746,361,606,192,0,5,196,211,103,397,119,176,17,473,182,0,96,284,209,105,123,177,104,296,8,0,242,209,290,299,233,646,207,320,185,268,214,275,110,311,57,0,0,0,0,0,0,0,0,0,1,0,0,0,0,78,290,198,135,244,177,302,84,221,123,140,107,117,51,34,120,264,452,77,147,129,237,87,69,112,99,43,0,0,0,0,18,536,797,879,341,466,340,330,169,514,228,435,254,444,125,298,354,282,157,526,668,437,9,401,1,19,0,0,113,180,228,251,100,269,315,365,208,176,386,565,143,129,296,57,310,138,240,0,7,0,0,14,1178,818,0,0,394,962,682,574,0,192,0,3,2,0,0,0,0,50,9,277,0,0,7,376,166,0,0,2,1,258,0,0,0,31,124,91,222,2,3,58,1,1,646,0,0,893
58,Autres infractions à la législation sur les stupéfiants,0,1,0,0,1,1,0,1,1,0,2,0,0,0,0,0,0,0,0,0,0,0,0,0,5,0,0,0,1,0,2,0,0,0,0,0,0,0,0,0,0,0,0,1,0,0,0,0,0,0,0,0,0,0,0,1,0,0,0,0,0,0,1,0,0,1,2,2,2,0,4,0,0,0,0,0,0,3,0,1,0,0,0,2,0,1,0,0,0,0,2,5,1,2,2,0,0,0,0,0,0,0,2,1,2,0,2,1,0,0,0,1,1,1,4,0,4,0,0,0,0,1,0,0,0,0,0,0,0,0,0,0,0,1,0,0,0,0,0,0,1,1,0,0,0,0,0,0,3,2,0,0,0,0,6,2,0,1,0,0,0,0,0,0,0,1,0,5,2,0,2,0,0,0,2,0,1,0,0,3,0,0,1,0,0,0,0,1,0,0,2,0,0,0,5,0,1,0,0,1,0,0,0,0,0,0,0,1,0,0,0,0,3,1,0,2,0,1,0,0,0,0,0,0,0,0,0,0,1,0,0,0,1,0,0,0,2,0,6,0,0,0,0,0,0,0,3,0,0,0,0,3,0,0,0,0,0,0,0,0,0,0,0,3,3,1,2,1,2,7,0,1,0,0,0,3,0,0,1,0,0,0,0,0,0,0,4,0,0,0,1,1,0,0,3,0,0,2,0,0,0,0,0,3,0,0,0,0,0,0,0,0,0,1,0,0,0,0,0,0,0,0,0,0,0,1,0,0,0,0,0,0,0,2,1,1,0,0,0,0,0,0,0,1,0,0,0,0,0,0,0,4,0,1,0,0,1,5,0,0,0,0,0,0,0,1,0,0,0,0,0,1,0,0,0,2,0,0,1,0,0,0,0,0,0,0,0,1,0,0,1,0,1,0,0,0,3,0,0,0,0,0,0,0,0,0,1,1,3,0,1,3,5,2,3,3,4,1,1,2,3,3,3,0,0,0,1,0,0,0,0,0,0,0,1,0,1,1,0,6,0,0,0,2,0,0,0,1,0,1,1,1,0,0,1,1,0,1,0,0,3,5,0,0,0,0,0,0,0,1,1,0,3,0,0,0,0,2,0,0,0,6,0,0,0,0,0,0,0,0,0,0,6,1,1,0,0,0,0,0,0,0,1,1,1,1,0,1,1,0,1,3,0,1,0,1,1,3,0,0,1,1,0,0,1,0,0,0,0,1,1,0,0,0,0,0,0,0,0,0,0,0,0,16,0,0,0,0,0,0,1,0,0,0,0,1,0,0,0,1,1,0,0,0,0,0,0,0,0,1,1,0,1,0,0,1,0,0,0,0,0,0,1,1,1,0,1,1,0,2,0,2,0,0,1,0,1,0,0,0,0,2,0,0,0,1,0,0,4,0,1,1,0,0,0,1,0,0,2,1,0,0,1,0,0,0,0,0,0,0,0,3,4,1,0,0,2,0,1,0,0,2,0,0,0,0,0,0,1,0,0,0,0,0,7,4,0,0,0,0,0,0,0,0,0,0,0,0,1,0,0,1,0,0,1,0,0,0
59,Délits de débits de boissons et infraction à la règlementation sur l'alcool  et le tabac,0,0,1,0,0,1,0,1,0,0,0,0,1,0,0,0,0,0,0,0,0,0,0,1,35,2,1,4,0,7,0,0,0,2,0,0,0,3,0,0,1,1,0,0,0,0,0,0,0,1,0,0,0,0,0,1,0,2,0,0,10,1,14,8,3,203,106,28,0,0,0,0,0,0,0,0,0,2,0,0,3,1,0,0,0,0,0,0,0,0,0,0,0,0,4,0,0,0,1,0,0,0,0,2,14,0,0,1,0,0,0,2,3,1,5,1,1,2,0,0,0,0,1,0,0,0,0,3,0,0,0,1,8,0,0,0,0,0,0,0,125,1,0,0,0,0,0,0,30,0,0,0,0,0,22,2,3,1,0,0,0,0,0,0,0,2,0,0,0,0,1,0,0,0,8,1,1,0,0,0,2,2,0,2,0,0,19,1,0,1,0,0,0,0,0,0,0,0,0,0,5,3,0,2,0,1,0,3,1,0,0,0,0,1,0,0,0,0,1,2,0,0,1,0,0,0,0,2,0,0,0,0,0,0,0,0,0,0,1,0,0,0,0,0,0,0,2,1,0,0,0,3,0,0,0,0,0,0,0,0,0,0,0,0,5,0,2,0,0,11,2,0,0,0,0,0,0,9,1,0,1,0,0,0,0,0,0,0,0,0,0,2,0,3,5,0,0,1,0,0,0,0,0,2,0,0,0,0,0,0,0,0,0,2,0,1,0,1,1,0,0,0,0,0,0,0,6,0,0,0,0,0,0,14,0,0,0,0,0,5,0,0,0,0,0,1,0,0,0,0,0,0,0,0,0,0,0,32,0,0,0,1,0,0,0,4,0,0,0,0,0,1,0,0,0,0,11,4,2,0,0,0,0,0,0,0,1,0,0,0,0,0,0,0,0,0,0,0,0,0,0,0,1,0,0,0,0,0,1,1,3,2,0,11,0,3,0,3,0,6,4,34,1,4,0,0,0,0,0,0,0,0,0,0,0,1,0,0,0,3,0,0,0,2,0,0,0,1,1,1,0,0,0,0,4,2,0,1,0,0,0,0,1,0,3,0,0,0,0,0,0,2,0,0,0,0,0,1,0,0,0,1,1,0,0,0,0,0,0,0,0,0,24,2,8,2,0,7,0,0,0,0,1,1,0,0,0,1,0,0,0,1,0,0,0,0,0,0,0,0,0,0,0,0,0,2,0,0,2,1,0,0,7,0,0,0,0,0,0,0,0,0,0,0,0,0,0,0,0,0,0,3,0,0,0,0,0,0,0,0,0,0,0,0,0,0,0,0,0,0,0,0,2,0,0,1,0,0,0,0,1,3,0,2,5,0,0,0,3,6,0,5,0,1,0,0,5,3,0,1,1,0,0,0,0,8,0,0,0,0,1,1,0,0,0,1,0,1,1,0,1,0,0,0,1,0,0,0,1,0,0,25,3,1,0,0,0,1,1,0,0,0,3,0,0,0,0,0,0,4,1,8,0,0,0,1,0,0,0,0,0,13,0,0,0,0,3,9,4,0,5,1,0,0,4,0,0,6
60,Fraudes alimentaires et infractions à l'hygiène,0,0,0,0,0,0,0,1,0,0,0,0,0,0,0,0,0,0,0,0,0,0,0,0,3,0,0,0,0,1,0,0,0,0,0,1,0,0,0,0,2,1,0,0,0,0,0,0,0,0,0,0,0,0,0,0,0,0,0,0,1,0,1,0,0,0,0,0,0,0,0,0,0,0,0,0,0,0,0,0,0,0,0,0,0,0,0,0,0,0,0,0,2,0,0,0,0,1,0,0,0,0,0,0,1,0,0,0,0,0,0,0,0,0,0,1,0,0,0,0,0,0,1,0,0,0,0,0,0,0,0,0,0,0,0,0,0,0,0,0,0,0,0,0,0,0,0,0,2,0,0,0,0,0,1,0,1,0,0,0,0,0,0,0,0,0,0,0,0,0,0,0,0,0,0,0,0,0,0,0,0,0,0,0,0,0,0,0,1,0,2,0,0,0,2,0,0,0,0,0,0,0,0,0,0,0,0,0,0,0,0,0,0,0,0,0,0,0,0,0,0,0,1,0,0,0,0,1,0,0,0,0,0,0,0,0,0,0,0,0,0,0,0,0,0,0,0,0,0,0,0,0,0,0,0,0,0,0,0,0,0,0,0,0,1,0,1,0,0,2,1,0,0,0,0,0,1,1,0,0,0,0,0,0,0,0,1,0,0,0,0,0,0,1,1,0,0,0,0,0,0,0,0,0,0,0,0,0,0,0,0,0,0,1,0,0,0,1,0,0,0,0,0,0,0,0,1,0,0,0,0,0,0,1,0,0,0,0,0,0,0,0,0,0,0,0,0,0,0,0,0,0,0,0,0,0,0,1,0,0,0,0,0,0,0,0,0,0,0,0,1,0,0,0,0,0,0,0,0,0,0,0,0,0,0,0,0,0,0,0,0,0,0,0,0,0,0,0,0,0,0,0,0,0,0,0,0,0,0,0,0,0,0,0,0,0,0,0,0,0,0,0,1,0,0,0,0,0,0,0,0,0,0,0,0,0,0,0,0,0,0,0,0,0,0,0,0,0,0,0,1,0,0,0,0,0,0,0,0,0,0,0,0,0,0,0,0,0,0,0,0,0,0,0,0,0,0,0,0,0,0,0,0,0,0,0,0,0,0,0,0,0,0,0,0,0,0,1,0,0,0,0,0,0,0,0,0,1,0,0,0,0,0,0,0,0,1,0,0,0,2,0,0,0,0,0,0,0,0,0,0,0,0,1,0,0,0,0,0,0,0,0,0,0,0,0,0,0,0,0,0,0,0,0,0,0,0,0,0,0,0,0,0,0,0,1,0,0,0,0,0,0,0,0,0,0,0,0,0,0,0,0,0,0,1,0,0,0,0,0,0,0,0,0,0,0,0,0,0,0,0,0,0,0,0,0,0,0,0,0,0,0,0,0,0,0,0,0,0,1,0,0,0,0,0,0,0,0,0,0,0,0,2,2,0,0,0,0,0,0,0,0,0,0,0,0,0,0,0,0,0,0,0,0,0,0,0,0,0,0,0,0,0,0,0,0,2,0,2,0,0,1,0,0,0,0,0,0
61,Autres délits contre santé publique et la réglementation des professions médicales,0,0,0,0,1,0,0,0,0,0,1,0,0,0,0,0,1,0,0,0,0,0,0,0,1,0,0,0,0,0,0,0,0,0,0,0,0,0,0,0,0,0,0,0,0,0,0,0,0,0,0,0,0,0,0,1,0,0,0,0,0,0,1,1,0,5,1,1,1,0,2,0,0,1,0,0,0,0,0,0,1,0,0,1,0,0,0,0,0,0,0,0,0,0,2,1,0,0,0,0,0,0,1,0,2,0,0,0,0,0,0,1,1,0,1,0,0,0,0,0,0,0,0,0,0,0,0,0,0,0,0,0,0,0,0,0,0,0,0,0,3,0,0,0,0,0,0,0,4,0,0,0,0,0,6,0,0,0,0,0,0,0,0,0,0,0,0,0,0,0,1,0,0,0,1,0,0,0,0,0,0,0,2,1,0,0,1,1,0,1,0,0,0,0,0,0,0,0,0,1,0,1,0,0,0,0,0,2,0,0,0,0,0,0,0,0,1,1,0,0,0,0,0,0,1,0,2,0,0,0,0,0,0,0,0,0,0,0,0,0,0,0,0,0,0,0,0,1,0,0,0,1,0,0,0,0,0,0,0,0,0,0,0,0,1,0,0,0,0,3,0,1,0,0,0,0,0,0,0,0,0,0,0,0,0,0,1,0,0,0,1,0,0,0,1,0,0,0,0,0,0,0,1,1,0,0,0,0,0,0,0,0,0,0,0,0,0,0,0,0,0,0,0,0,0,11,0,0,0,0,0,0,2,13,0,0,0,0,0,0,0,0,0,1,0,0,0,0,0,0,0,2,0,0,0,0,0,6,0,0,0,0,0,0,0,0,0,0,0,0,0,2,0,0,0,0,0,0,0,0,0,9,0,0,0,0,1,0,0,1,18,0,0,0,0,0,6,0,0,0,0,0,0,0,0,0,4,0,0,0,0,3,0,5,3,2,0,1,0,1,1,23,10,3,0,0,0,0,0,0,0,0,0,0,0,0,0,0,0,0,0,0,0,0,0,0,0,0,0,0,0,0,1,0,0,0,0,0,0,0,0,0,0,0,0,0,0,0,0,0,0,0,0,0,0,0,0,0,0,0,0,0,0,0,0,0,0,0,0,0,0,0,0,0,1,0,0,0,0,0,0,0,0,0,0,0,1,0,0,0,0,1,0,0,0,0,0,0,0,0,0,0,0,0,0,1,0,0,0,0,0,1,0,0,0,0,0,0,1,0,0,0,0,2,1,0,1,0,0,0,0,0,0,0,0,0,0,0,0,0,0,0,0,0,0,0,0,0,0,0,0,0,0,0,0,0,0,0,0,0,0,0,0,0,0,0,0,0,0,0,0,0,0,0,0,0,3,0,0,2,1,2,0,0,2,1,0,0,2,0,0,0,0,1,0,0,0,0,0,1,0,0,0,0,0,0,0,0,0,0,0,1,0,2,0,0,0,0,0,0,0,0,0,0,0,0,0,0,0,0,0,0,0,0,4,1,0,0,0,0,0,2,0,0,0,1,2,0,3,0,0,1,0,0,0,0,0,0
62,Incendies volontaires de biens publics,0,0,24,44,3,2,7,5,1,7,7,5,14,14,0,0,5,3,1,0,0,0,0,0,19,5,1,7,7,2,0,2,1,12,6,1,2,4,0,0,22,4,4,1,27,1,0,0,0,0,0,0,1,0,0,16,5,8,2,1,10,45,7,34,7,4,26,24,1,0,29,1,5,1,5,16,6,1,7,5,1,1,22,4,0,8,1,2,0,0,0,34,3,6,10,4,0,3,6,0,0,0,62,1,31,0,13,9,2,4,5,8,20,8,33,0,5,19,0,0,0,1,13,0,0,0,0,22,1,0,0,0,15,10,12,0,0,0,0,1,38,1,2,1,0,0,0,0,23,0,0,0,0,0,17,3,16,13,0,0,0,0,0,0,0,42,3,3,16,0,38,0,0,0,51,10,38,1,4,8,0,3,28,0,0,0,47,11,32,6,4,0,0,0,80,2,14,0,0,0,58,4,2,6,2,3,0,31,26,0,0,0,7,2,1,3,0,27,7,4,5,24,19,0,0,0,0,63,4,2,1,38,7,0,3,0,3,7,37,8,0,0,0,0,0,0,14,5,1,1,1,28,3,4,0,0,0,0,0,0,0,1,0,23,30,8,19,2,1,36,12,16,0,0,0,10,6,13,9,3,12,0,0,0,0,0,12,3,0,1,9,6,9,83,58,4,2,5,0,0,0,0,0,14,0,0,2,0,0,0,0,0,0,24,7,0,1,0,3,0,0,0,0,1,0,0,11,1,0,0,0,0,0,184,2,11,0,0,0,53,5,4,0,0,0,0,0,1,0,0,0,0,8,90,0,0,0,98,1,4,0,28,23,46,0,16,0,0,0,6,0,36,0,0,0,0,9,3,1,0,0,0,0,0,0,0,0,1,0,0,0,0,0,0,0,0,0,0,0,0,0,0,0,0,0,1,2,0,2,5,2,4,8,2,3,8,4,5,1,3,11,4,6,5,0,2,0,0,0,0,0,0,0,0,0,42,2,8,0,31,0,0,0,6,2,2,3,7,1,3,11,5,3,6,3,6,4,2,0,0,0,7,11,0,40,11,0,5,0,5,3,4,22,0,0,0,0,7,1,0,11,153,24,1,34,8,0,1,0,0,0,0,23,1,5,4,6,2,0,0,3,1,4,17,3,2,0,14,17,0,0,21,26,1,2,5,7,14,0,0,2,0,1,4,3,3,1,7,1,5,4,2,1,13,0,0,0,0,0,0,0,0,0,0,0,0,0,0,0,0,12,4,10,1,21,7,6,13,4,5,2,0,4,0,7,1,26,0,0,3,2,4,5,0,5,7,0,0,0,0,0,6,24,4,7,11,6,8,6,7,4,6,3,7,0,1,9,7,5,4,20,3,1,10,0,0,0,0,1,3,13,1,1,2,4,4,1,6,13,6,3,3,2,0,3,0,12,0,0,0,0,0,9,15,0,0,5,4,10,9,0,0,0,0,0,0,0,0,0,1,0,1,0,0,0,2,0,0,0,0,0,4,0,0,0,2,4,12,6,0,0,1,0,0,0,0,0,20
63,Incendies volontaires de biens privés,0,0,47,65,10,27,57,57,21,60,21,19,6,17,0,0,2,10,0,0,0,0,0,0,163,29,18,23,20,14,15,9,2,90,20,2,7,69,0,0,64,24,9,6,10,0,0,0,0,0,0,0,0,0,7,30,71,30,13,7,20,29,46,41,13,78,256,162,5,0,130,10,3,6,36,13,43,8,34,22,13,5,86,12,0,25,2,11,0,0,1,177,5,5,22,6,0,16,24,0,0,0,212,6,142,0,124,30,46,37,20,33,36,33,193,5,7,45,0,0,0,3,39,0,1,0,0,83,0,0,0,0,143,61,14,0,0,0,0,2,575,3,29,1,0,0,0,0,285,2,0,0,0,4,167,18,48,24,0,0,0,0,0,0,0,185,2,15,56,0,201,0,0,4,583,26,57,24,3,11,3,33,87,8,0,0,366,24,181,136,14,0,0,0,373,7,59,0,0,0,173,34,7,22,9,7,0,213,84,8,0,0,11,3,5,11,0,347,77,22,10,26,22,0,0,0,0,239,12,6,8,124,10,2,8,0,4,20,46,23,1,0,0,0,0,0,164,52,32,1,15,52,22,38,0,0,0,0,0,0,0,1,24,100,160,153,261,5,28,546,353,256,0,0,2,73,67,262,41,4,25,0,0,0,2,0,67,13,7,5,70,181,23,141,666,10,21,29,2,0,0,0,0,150,1,1,37,0,0,0,0,1,1,79,18,2,4,4,30,0,0,0,0,0,1,0,68,0,0,0,0,0,0,686,10,37,0,0,0,198,41,19,19,1,0,0,0,0,0,0,0,1,56,95,0,1,0,986,0,29,0,42,48,24,35,136,0,0,0,20,7,135,0,0,0,2,18,27,18,0,0,0,0,0,0,1,1,2,0,0,0,0,0,0,0,0,0,0,0,0,0,0,2,0,0,7,3,4,8,20,4,11,1,16,21,18,35,19,12,22,32,26,31,42,0,1,0,0,0,0,0,0,0,0,1,428,6,36,10,305,0,0,0,171,61,16,10,23,39,32,86,37,9,15,39,38,11,29,0,0,0,45,86,0,109,154,0,30,0,4,55,39,59,0,0,0,0,23,5,0,26,249,36,2,50,14,12,35,0,0,0,1,164,12,30,18,38,11,0,0,28,17,27,127,35,6,0,62,37,0,0,96,64,4,13,15,60,67,0,0,35,8,14,31,32,43,10,24,7,49,18,27,10,56,0,0,0,0,0,0,0,0,0,0,0,0,0,0,0,1,24,30,21,9,32,15,33,51,12,93,22,7,5,4,16,10,140,4,3,19,13,21,9,0,17,19,0,0,0,0,0,36,114,61,90,58,38,52,26,101,67,83,31,76,16,23,40,17,24,87,115,34,0,78,0,2,0,0,3,29,42,37,4,34,74,58,18,23,77,51,25,7,12,0,73,2,79,0,0,0,0,5,151,188,0,0,51,18,116,178,0,2,0,0,0,0,1,0,1,3,1,40,0,0,0,23,8,0,0,0,0,16,0,0,0,20,25,38,75,0,0,15,0,0,1,0,0,90
64,Attentats à l'explosif contre des biens publics,0,0,0,0,0,0,0,0,0,0,0,0,0,0,0,0,0,0,0,0,0,0,0,0,0,0,0,0,0,0,0,0,0,0,0,0,0,0,0,0,0,0,0,0,0,0,0,0,0,0,0,0,0,0,0,0,0,0,0,0,0,0,0,0,0,0,1,0,1,0,4,0,0,0,0,0,0,0,0,1,0,0,0,1,0,0,0,0,0,0,0,0,0,0,0,0,0,0,0,0,0,0,0,0,0,0,0,0,0,0,0,0,0,0,0,0,0,1,0,0,0,0,0,0,0,0,0,0,0,0,0,0,1,0,0,0,0,0,0,0,0,0,0,0,0,0,0,0,0,0,0,0,0,0,2,0,0,0,0,0,0,0,0,0,0,0,0,0,0,0,0,0,0,0,0,0,0,0,0,0,0,0,0,0,0,0,0,0,0,0,0,0,0,0,0,0,0,0,0,0,0,0,0,0,0,0,0,0,0,0,0,0,0,0,0,0,0,0,0,0,1,0,0,0,0,0,0,0,0,0,0,0,0,0,0,0,0,0,0,0,0,0,0,0,0,0,0,0,0,0,0,0,0,0,0,0,0,0,0,0,0,0,0,0,0,0,0,0,0,0,0,0,0,0,0,0,0,0,0,0,0,0,0,0,0,0,0,0,0,0,0,0,0,0,0,0,0,0,0,0,0,0,0,1,0,0,0,0,0,0,0,0,0,0,0,0,0,0,0,0,0,0,0,0,0,0,0,0,0,0,0,0,0,0,0,0,0,0,0,1,0,0,0,0,0,0,0,0,0,0,0,0,0,0,0,0,0,0,0,0,0,0,0,0,0,0,0,0,0,0,0,0,0,0,0,0,0,0,0,0,0,0,0,0,0,0,0,0,0,0,0,0,0,0,0,0,0,0,0,0,0,0,0,0,0,0,0,0,0,0,0,0,0,0,1,0,0,0,1,0,0,0,0,0,0,0,0,0,0,0,0,0,0,0,0,0,0,0,0,1,0,0,0,1,0,0,0,0,0,0,0,0,0,0,0,0,0,0,0,0,0,0,0,0,0,0,0,0,0,0,0,0,0,0,0,0,0,1,0,0,0,0,1,0,0,0,0,0,0,0,0,0,0,0,0,0,0,0,0,0,0,0,0,0,0,0,0,0,0,0,0,0,0,0,0,0,0,0,0,0,0,0,0,0,0,0,0,1,0,0,0,0,0,0,0,0,0,0,0,0,0,0,0,0,0,0,0,0,0,0,0,0,0,0,0,0,0,0,0,0,0,0,0,0,0,0,0,0,0,0,0,0,0,0,0,0,0,0,0,0,0,1,0,0,0,0,0,0,0,0,0,0,0,0,0,0,0,0,0,0,0,0,0,0,0,0,0,0,0,0,0,0,0,1,1,2,0,0,0,0,0,0,0,0,0,0,0,0,0,0,0,0,0,0,0,0,0,0,0,0,0,0,0,0,0,0,0,0,0,0,0,0,0,0,0,0,0,0,0,0,0,0,0,0,0,0,0,0,0,0,0,0,0,0,0,0,0,1
65,Attentats à l'explosif contre des biens privés,0,0,0,0,0,0,0,0,0,0,0,0,0,0,0,0,0,0,0,0,0,0,0,0,3,0,0,0,1,0,0,0,0,0,0,0,0,0,0,0,0,0,0,0,1,0,0,0,0,0,0,0,0,0,0,1,0,0,0,0,0,0,0,0,0,2,1,1,0,0,0,0,0,0,0,0,1,0,0,0,0,0,0,0,0,0,0,0,0,0,0,0,0,0,0,0,0,0,1,0,0,0,0,0,1,0,0,0,0,0,0,0,0,0,0,0,0,0,0,0,0,5,2,0,0,0,0,0,0,0,0,0,0,0,0,0,0,0,0,0,0,0,0,0,0,0,0,0,0,0,0,0,0,0,0,0,0,0,0,0,0,0,0,0,0,0,0,0,0,0,0,0,0,1,1,0,0,0,0,0,0,0,0,0,0,1,0,0,0,0,0,0,0,0,0,0,0,0,0,0,0,0,0,0,0,0,0,0,0,0,0,0,0,0,0,0,0,0,0,0,0,0,0,0,0,0,0,0,0,0,0,0,0,0,0,0,0,0,0,0,0,0,0,0,0,0,0,0,0,0,0,0,0,0,0,0,0,0,0,0,0,0,0,0,0,0,0,0,1,2,1,0,0,0,0,0,1,0,2,0,0,0,0,0,0,0,1,0,0,0,0,0,0,0,0,0,0,0,0,0,0,0,0,0,0,0,0,0,0,0,0,0,0,0,1,0,0,0,0,0,0,0,0,0,0,0,0,0,0,0,0,0,0,0,0,0,0,0,0,0,0,1,0,0,0,0,0,0,0,0,0,0,0,0,0,0,0,0,0,0,0,0,0,0,0,0,0,0,0,0,0,1,0,0,0,0,1,0,0,0,0,0,0,0,0,0,0,0,0,0,0,0,0,0,0,0,0,0,0,0,0,0,0,0,0,0,2,0,0,0,0,1,1,0,0,0,2,0,0,0,0,1,0,0,0,0,0,0,0,0,0,0,0,0,0,0,0,1,1,0,0,0,0,0,0,0,0,0,0,0,0,0,0,0,0,0,0,0,0,0,0,0,1,0,0,0,0,0,0,0,0,0,0,0,0,0,0,0,0,0,0,1,0,0,1,0,0,2,0,0,0,0,1,0,0,0,0,0,0,0,0,0,0,1,0,0,0,0,0,0,0,0,0,0,0,0,0,0,0,0,0,0,0,0,0,0,0,0,0,0,0,0,1,0,0,0,0,0,0,0,0,0,0,0,0,0,0,0,0,0,0,0,0,1,0,0,0,0,1,0,0,0,0,0,0,0,0,0,0,0,0,0,0,0,1,0,0,0,0,0,0,2,1,2,0,0,0,0,0,0,0,0,1,1,2,0,0,0,2,0,2,0,0,1,0,0,0,0,0,0,0,0,0,0,0,0,0,0,1,0,0,0,0,0,0,0,0,0,0,0,0,0,0,1,0,0,0,0,0,0,0,0,0,0,0,0,0,0,0,0,0,0,0,0,0,0,0,0,0,0,0,0,0,0,0,0,0,0,0,0,0,0,0,0,0,0,0,1
66,Autres destructions er dégradations de biens publics,0,0,48,11,14,21,15,51,12,65,27,56,15,9,0,0,14,58,0,2,0,0,0,1,167,25,26,30,12,10,19,13,16,55,7,14,14,54,0,0,70,27,18,10,17,2,0,0,0,0,0,0,4,0,0,62,31,34,15,5,30,22,24,44,16,76,128,82,6,0,123,14,11,2,24,34,87,18,79,53,12,51,69,47,0,17,4,13,0,0,2,175,11,18,62,7,0,26,34,0,0,0,201,7,53,0,118,9,21,18,17,25,212,72,190,4,32,34,0,1,0,0,25,0,0,0,0,15,1,0,1,0,87,34,15,0,0,0,0,1,309,9,14,4,0,0,0,0,447,19,0,0,0,0,109,16,54,34,0,0,0,0,0,0,0,139,39,44,58,0,111,0,0,0,146,12,45,10,12,32,53,26,75,38,0,0,222,89,36,56,43,0,0,0,489,8,62,0,0,0,116,60,8,27,10,9,0,80,49,19,0,0,20,8,8,5,0,55,38,18,23,18,66,1,0,0,0,164,23,10,5,79,6,1,25,0,11,20,111,60,0,0,0,0,2,0,91,28,20,10,24,93,29,78,1,3,0,0,0,10,0,0,22,201,151,69,189,6,27,373,62,88,0,0,0,50,18,49,25,9,52,0,0,0,2,0,42,10,0,16,57,37,32,92,195,10,13,37,4,0,0,0,0,191,3,1,44,0,0,0,0,0,0,102,68,12,20,5,58,0,0,0,0,0,2,0,112,0,0,0,0,0,1,392,6,26,0,0,0,120,67,16,12,0,0,0,0,10,3,0,0,0,24,41,2,0,1,754,0,14,0,50,19,69,18,117,0,0,2,14,9,133,0,0,0,0,21,27,23,6,0,3,0,0,0,0,0,1,0,0,1,0,0,1,0,0,0,0,0,0,0,0,69,0,0,17,6,13,35,41,23,21,13,29,34,37,67,39,45,23,30,54,59,51,0,0,1,0,0,0,0,0,0,0,0,360,22,23,26,96,1,1,0,86,38,10,15,17,33,39,76,27,15,23,62,37,19,29,0,0,0,69,86,0,73,67,0,45,0,28,43,46,67,0,0,0,0,27,4,0,31,82,80,12,37,5,11,20,0,0,0,0,93,8,27,11,36,16,0,0,24,10,10,71,58,16,0,286,98,0,0,128,38,15,16,84,16,34,0,0,33,18,16,33,28,22,11,20,22,45,21,21,20,32,4,1,0,0,0,0,0,0,0,0,0,0,0,0,0,0,48,31,17,13,50,31,24,17,7,26,10,4,17,12,21,15,64,8,7,14,20,17,18,0,18,6,0,0,0,0,0,43,59,58,60,57,36,54,11,24,28,28,27,39,21,32,24,11,28,31,79,22,1,53,0,7,0,0,0,14,33,19,6,41,34,92,21,24,66,35,11,13,13,2,48,12,46,0,1,0,0,7,73,77,1,0,58,37,61,45,0,2,0,0,0,0,0,1,0,9,7,38,1,1,0,29,8,0,0,0,0,17,0,1,0,12,30,23,43,0,0,34,0,0,2,0,0,114
67,Autres destructions er dégradations de biens privés,0,0,187,81,51,34,70,100,56,147,71,81,70,47,0,0,27,23,1,4,0,0,1,0,1385,260,255,256,144,112,29,15,13,144,82,30,28,304,0,0,128,80,15,48,19,3,0,0,0,5,0,0,0,0,1,198,144,84,68,12,58,74,154,78,68,426,791,498,6,0,640,69,71,31,93,90,376,50,403,77,134,89,316,104,1,131,23,29,0,0,2,588,27,44,207,15,0,136,224,0,0,0,368,68,110,0,277,42,172,103,114,41,256,46,670,42,90,139,0,0,0,3,85,0,0,0,0,81,0,0,0,0,503,242,49,0,0,0,4,4,1870,31,58,5,0,0,3,1,2380,145,1,0,0,0,1511,135,373,182,0,0,0,1,1,0,0,953,65,172,92,1,740,0,0,5,717,83,150,39,45,61,131,136,225,20,0,1,954,164,100,187,128,0,4,0,1277,61,222,0,0,1,384,181,8,115,70,13,0,362,251,67,0,12,131,32,79,43,0,1004,184,81,34,32,76,3,0,0,1,742,55,13,23,143,22,16,42,1,26,69,325,137,3,0,0,0,0,0,919,139,89,13,82,374,104,147,1,7,0,0,0,1,0,0,30,374,670,432,945,44,87,1768,552,315,0,4,0,114,53,234,184,42,29,0,0,0,3,0,104,35,2,82,248,217,109,169,601,39,48,117,32,0,0,1,0,933,14,14,84,0,0,0,0,0,1,289,83,72,51,49,174,0,0,0,1,0,0,0,225,1,0,1,0,0,1,1172,36,51,0,1,0,644,79,44,26,4,0,0,0,5,0,0,0,0,40,82,1,12,2,3072,0,55,1,95,32,66,29,431,0,0,0,81,44,155,0,0,0,2,106,137,79,0,0,0,0,0,0,3,0,2,0,1,0,0,0,1,0,0,0,0,0,0,0,0,189,1,0,232,259,342,272,565,235,444,510,735,656,476,707,428,717,744,301,1427,602,426,0,9,0,3,0,0,0,0,0,0,4,1453,65,150,57,914,14,0,0,392,138,78,57,66,228,253,305,54,33,67,147,147,55,238,0,0,1,198,409,0,316,379,0,245,0,49,262,187,258,0,0,0,0,98,21,1,64,276,117,31,130,40,39,156,0,0,0,7,472,48,46,177,55,79,0,0,57,23,72,349,196,97,0,381,79,0,0,153,119,39,47,118,126,84,1,0,83,47,86,178,84,90,44,122,112,90,68,145,116,224,0,0,0,0,0,0,0,0,0,0,0,1,0,0,0,0,236,233,34,242,226,157,200,163,43,40,201,30,92,372,83,150,366,244,43,110,79,96,22,0,239,41,0,1,0,0,0,362,236,250,184,282,211,182,79,154,74,499,148,368,93,297,299,41,124,243,564,222,0,224,4,28,0,0,1,96,114,103,97,182,130,410,156,191,306,260,93,114,194,20,199,125,244,0,3,0,0,43,251,346,0,1,160,154,364,250,0,0,0,0,0,0,1,0,0,45,25,233,0,0,0,148,28,0,0,0,0,159,0,1,0,42,83,56,313,0,0,88,0,0,39,0,0,270
68,Destructions et dégradations de véhicules privés,0,0,119,40,46,41,102,96,45,154,90,66,59,23,0,0,13,23,0,3,0,0,0,0,696,166,183,79,57,72,31,17,28,137,47,12,18,118,0,0,101,46,13,20,31,23,0,0,0,16,0,0,0,0,0,216,162,177,42,26,90,49,167,97,81,222,562,403,4,0,578,54,87,15,131,25,280,101,415,72,260,95,135,39,0,87,19,18,0,0,2,538,13,53,114,27,0,133,432,0,0,0,276,19,117,0,160,18,52,106,28,31,102,69,827,55,133,86,0,4,0,0,434,0,3,0,0,263,0,0,0,0,479,119,71,0,0,0,5,0,954,29,85,12,0,0,11,2,1491,82,0,0,0,0,475,101,272,146,0,0,0,0,0,0,0,423,38,108,164,0,794,0,0,0,932,96,60,40,16,27,91,45,167,17,1,3,280,59,69,150,39,0,10,0,1101,59,165,0,0,1,299,120,5,140,37,20,0,430,162,130,0,4,90,56,53,7,0,775,243,113,7,16,111,6,0,0,0,573,25,22,20,152,9,10,40,1,46,53,264,114,1,0,0,0,0,0,1000,138,122,33,69,448,203,103,8,21,0,0,0,2,0,0,41,349,484,596,512,69,61,963,413,315,0,0,0,103,79,218,61,42,72,0,0,2,4,0,108,31,2,133,142,366,105,328,540,49,55,149,18,0,0,1,0,423,9,5,80,0,0,0,0,0,0,444,71,66,78,20,276,0,0,0,0,2,1,1,383,1,0,0,0,0,0,933,32,39,0,2,0,245,84,38,14,5,0,0,0,10,0,0,0,0,34,51,1,1,2,2458,1,34,0,141,74,90,19,392,0,0,0,51,26,209,0,0,0,1,103,91,40,0,0,1,0,0,0,1,0,0,0,0,0,0,0,1,0,0,1,0,0,0,0,0,37,0,0,71,43,61,84,141,75,280,110,112,103,113,192,148,170,198,66,185,282,151,0,0,0,2,1,0,0,0,0,0,1,1346,48,85,79,1267,13,0,0,287,159,43,61,38,140,113,280,53,26,68,169,77,26,247,0,0,1,205,425,0,511,137,0,109,1,42,301,268,288,0,0,0,0,60,24,4,39,135,69,42,39,59,15,173,4,0,0,0,433,29,39,114,72,83,0,1,51,64,73,283,70,96,0,390,134,0,0,131,93,28,36,129,119,78,2,0,38,12,53,130,76,86,21,80,35,66,57,52,45,95,2,1,0,0,0,0,0,0,0,0,0,0,0,0,0,1,292,99,26,87,147,137,76,167,26,68,126,19,37,141,46,107,190,107,36,112,66,107,23,0,112,38,0,1,0,0,0,210,202,148,224,248,122,122,44,57,56,326,230,106,89,268,196,28,78,133,458,93,0,181,1,55,0,0,1,74,46,77,75,175,63,198,114,100,158,150,65,104,136,3,165,47,105,0,17,0,0,54,165,160,1,0,117,127,212,157,0,8,0,0,0,0,2,0,3,35,13,259,1,0,0,86,13,0,2,0,0,138,0,0,0,27,180,113,646,0,1,133,0,0,41,0,0,417
69,Infractions aux conditions générales d'entrée et de séjour des étrangers,0,7,0,1,0,0,3,0,0,5,15,2,0,1,0,0,17,12,49,2,33,0,25,0,316,6,5,11,3,1,0,0,0,3,0,0,0,0,0,0,4,1,1,0,0,1,0,0,0,1,0,0,1,0,0,11,1,0,1,1,0,0,8,1,1,3,12,11,0,0,2,1,0,1,0,0,0,0,0,0,0,1,2,3,0,0,0,0,0,0,0,5,1,0,2,0,0,1,0,0,0,0,1,1,2,0,1,2,3,3,13,0,3,5,1,0,0,0,0,0,0,0,0,0,0,0,1,1,0,0,2,0,6,0,0,0,0,0,0,0,12,0,1,0,0,0,1,0,7,0,1,0,0,0,7,1,10,0,0,0,0,1,0,0,0,0,0,1,0,0,0,0,0,0,2,19,3,2,0,0,12,2,2,1,0,0,0,0,0,2,0,0,2,0,63,0,10,0,0,0,4,0,1,8,0,0,0,2,0,0,0,4,0,0,0,5,1,0,2,0,1,4,2,0,1,4,0,1,0,0,0,0,1,5,3,0,44,1,0,0,0,0,0,1,2,2,4,0,0,0,1,0,0,5,0,0,0,0,4,7,6,0,0,0,0,1,3,0,0,4,2,3,0,0,0,0,0,11,7,0,0,3,0,0,32,1,1,0,0,0,0,0,0,1,2,0,0,0,0,1,0,0,0,7,0,0,0,27,0,39,0,0,0,3,1,0,0,5,0,0,1,0,14,321,156,0,0,0,1,0,88,0,0,32,0,0,0,1,0,1,0,0,4,0,0,0,0,0,7,0,0,0,0,0,0,0,0,39,0,0,0,0,0,0,0,4,0,1,21,0,1,0,0,2,0,0,1,1,1,0,0,0,0,0,0,0,0,0,0,0,0,0,0,0,0,0,1,0,0,0,0,0,1,0,0,1,0,1,1,2,3,0,1,1,0,2,2,0,14,2,1,2,4,0,0,0,0,0,0,0,0,0,3,0,0,3,0,77,0,5,0,1,0,1,3,2,0,0,6,9,0,0,0,0,0,5,0,8,0,0,0,2,2,0,5,3,0,5,0,0,2,1,2,0,0,0,0,1,0,0,0,22,3,0,0,0,0,0,0,0,1,0,9,3,4,3,2,1,0,0,11,19,6,13,0,0,0,2,0,0,0,0,1,0,2,10,4,0,2,0,7,18,0,4,1,76,2,13,5,0,10,2,1,4,0,0,0,0,0,0,0,0,0,1,0,0,0,0,0,0,3,2,0,10,0,2,1,22,4,2,2,0,1,0,0,0,2,1,1,4,0,0,0,0,2,0,0,0,0,0,0,1,2,8,12,1,1,31,0,4,0,7,0,5,0,2,0,2,3,0,2,0,0,2,0,4,0,0,0,4,0,0,0,4,0,1,2,1,2,2,0,1,0,2,1,2,1,2,5,0,1,0,55,16,0,0,17,5,11,28,0,0,0,0,0,0,1,1,0,4,0,18,1,0,0,4,1,2,1,7,190,94,1,0,0,0,0,0,0,1,179,41,33,10,0,54,23,0
70,"Aide à l'entrée, à la circulation et au séjour des étrangers",69,8,2,0,0,0,0,1,0,0,0,0,0,0,39,0,0,0,88,4,102,2,41,0,9,0,1,0,0,0,0,0,0,2,2,0,1,0,2,38,0,0,0,0,1,0,0,77,0,1,0,3,0,0,0,0,1,0,0,0,0,0,0,0,1,2,0,1,0,40,0,0,0,0,0,0,1,0,0,0,0,0,0,0,0,0,0,0,10,3,0,0,0,0,0,0,0,0,0,21,2,7,0,0,0,0,1,2,0,0,0,0,2,0,3,0,0,0,39,0,0,0,0,28,0,1,0,0,57,0,0,1,0,0,0,63,0,0,8,0,5,0,0,0,0,39,4,0,2,0,51,22,0,0,8,0,0,0,0,32,0,0,2,2,0,0,0,0,0,2,2,0,17,0,0,0,0,1,0,1,2,0,0,0,0,0,3,0,0,1,1,41,1,9,3,0,0,29,4,0,2,0,0,0,0,0,0,1,0,0,29,4,0,0,0,0,0,5,0,0,0,0,4,0,27,32,0,0,0,0,0,0,0,0,0,0,0,0,0,2,0,0,16,28,17,9,0,0,0,0,0,0,0,0,0,0,0,59,4,151,38,0,1,0,1,0,1,0,0,0,0,0,8,14,1,0,1,1,1,0,0,459,0,0,3,0,0,0,0,0,0,0,0,0,1,0,0,0,0,9,0,2,0,1,0,0,0,35,0,14,19,0,0,0,0,0,0,0,2,0,39,1,19,39,34,0,1,0,23,0,9,0,1,1,0,0,17,1,0,0,1,1,0,0,0,20,0,1,18,0,0,1,0,0,0,0,1,7,0,0,0,0,0,2,0,3,15,16,76,0,1,1,26,54,12,0,0,0,0,29,0,0,0,0,0,0,0,0,0,0,1,0,0,0,2,0,0,0,0,0,0,0,0,0,52,0,0,0,1,1,0,1,1,0,0,2,0,0,4,0,0,0,1,0,0,0,0,0,0,15,0,11,37,0,0,0,0,4,0,0,0,63,27,0,3,1,1,1,1,2,6,0,0,1,3,1,0,0,0,56,0,1,2,0,2,2,0,1,0,0,2,2,8,0,0,0,0,0,0,0,0,6,1,0,1,0,0,0,0,15,0,0,1,0,3,0,4,0,67,0,1,0,1,0,1,0,0,1,1,50,0,1,0,0,0,0,1,0,0,56,0,2,1,1,0,0,0,1,1,0,0,0,0,0,0,0,0,0,0,0,0,0,5,0,0,0,0,0,0,0,0,0,0,0,2,0,1,0,0,1,0,0,0,0,0,0,1,0,0,0,0,0,1,0,0,0,0,0,0,1,0,0,0,0,0,1,0,0,0,0,0,1,0,0,0,0,0,3,1,0,4,0,0,0,6,7,0,0,0,0,0,0,0,0,0,5,0,0,0,1,0,0,0,2,1,0,1,1,0,54,262,3,1,0,0,0,0,1,1,0,0,0,61,1,10,0,0,11,0,1,0,0,107,0,0,0,0,66,35,37,61,12,13,0,2,0,0,0,0,78,183,4,20,1,0,4,0,0
71,Autres infractions à la police des étrangers,0,2,2,0,0,0,3,0,0,0,0,0,1,0,1,0,3,5,19,3,2,1,5,0,89,10,13,9,7,3,0,0,0,1,1,0,0,0,0,9,3,0,0,0,0,1,0,1,3,28,0,0,3,0,0,7,0,3,0,1,4,3,4,3,3,59,49,15,1,0,13,1,0,0,1,0,2,0,0,0,2,0,1,2,0,0,0,0,0,1,0,7,1,0,8,0,0,1,0,0,0,0,1,1,1,0,2,2,3,0,1,0,5,1,8,1,0,2,1,0,0,0,0,1,2,0,3,0,4,0,2,0,3,2,0,1,5,0,7,0,14,0,0,1,0,0,7,0,77,1,3,4,0,1,1,1,6,0,0,0,0,4,1,18,0,4,0,0,2,0,2,0,2,0,4,5,1,0,1,4,1,1,0,1,0,0,1,1,0,0,2,1,0,3,52,0,4,0,2,0,9,1,0,0,0,0,0,8,0,0,0,0,0,0,0,0,0,1,1,0,0,2,13,0,0,0,0,1,0,0,0,0,1,0,3,0,4,0,3,0,0,0,0,2,4,0,0,0,0,0,0,0,1,2,0,0,0,0,3,13,0,0,2,0,2,1,4,0,0,1,2,0,0,0,0,2,0,7,0,1,0,0,0,0,114,0,0,0,0,1,0,1,1,1,1,0,1,1,0,0,0,0,0,1,0,0,0,1,1,4,3,0,0,4,2,0,0,1,2,0,0,0,5,1,28,0,2,2,1,0,18,0,0,20,0,0,0,0,1,0,0,0,2,0,0,0,8,30,3,0,0,0,0,0,0,1,0,7,0,1,0,2,0,0,1,6,0,2,0,1,0,1,0,0,3,0,2,1,0,4,0,5,0,0,0,0,1,0,0,0,0,0,0,0,0,0,0,0,0,0,0,0,0,1,0,3,2,5,2,4,9,5,6,6,4,60,15,9,14,5,4,4,13,5,0,0,0,0,0,1,0,5,36,0,1,3,0,4,0,1,3,27,1,2,3,1,0,0,2,6,1,0,1,4,1,2,0,1,0,8,0,3,2,0,8,2,0,1,0,0,3,3,1,0,0,0,0,0,0,0,0,10,4,1,0,0,0,1,0,0,5,0,15,10,5,1,4,0,2,0,5,1,4,6,0,0,0,2,5,0,0,12,2,1,0,3,0,0,2,8,2,11,2,4,4,36,6,2,4,1,2,2,0,2,0,1,0,0,0,0,0,0,0,0,0,0,0,0,0,0,7,2,5,5,7,2,3,2,3,2,0,2,0,3,0,2,1,2,1,3,2,1,1,0,1,2,0,0,0,0,0,0,0,1,8,1,0,20,0,5,1,2,0,2,0,6,0,1,1,0,6,0,0,0,0,74,0,0,0,7,1,2,0,1,2,5,1,0,3,3,5,2,0,1,1,4,4,2,0,1,0,861,54,34,0,0,29,2,1,12,0,0,0,1,0,1,1,0,0,0,0,1,0,0,0,0,0,0,0,0,0,31,1,0,0,0,0,0,0,0,1,0,0,0,0,1,0,0
72,Outrages à dépositaires autorité,0,3,52,19,20,22,24,35,14,20,40,21,12,12,0,0,11,17,2,1,2,1,1,3,255,42,46,61,50,25,10,5,3,41,23,25,23,60,0,0,29,39,13,14,15,19,0,0,1,2,0,0,6,0,3,72,40,27,17,6,39,11,31,41,30,172,127,143,5,0,151,23,12,12,11,15,70,25,44,10,19,16,30,20,0,41,12,9,0,0,0,118,13,20,61,8,0,24,20,1,0,0,72,16,64,0,73,24,35,38,16,65,62,40,130,11,32,39,0,0,0,0,33,0,0,0,0,22,1,0,0,0,103,35,13,1,1,0,4,0,247,13,21,1,0,0,8,0,212,14,0,6,0,0,143,29,74,30,0,0,0,2,0,0,0,122,16,61,43,0,121,0,0,0,160,35,56,20,14,22,15,29,59,17,2,0,201,37,23,42,28,0,0,0,224,16,18,0,0,0,140,58,13,48,18,15,0,104,36,10,0,0,68,10,16,16,0,130,39,11,36,41,37,3,0,0,0,163,15,7,12,54,37,9,13,0,19,19,62,32,2,0,0,2,4,2,109,22,16,4,25,72,28,18,0,6,0,0,0,4,0,1,37,88,78,85,191,12,21,247,138,55,0,0,0,74,17,27,42,38,16,0,0,0,4,1,65,14,1,11,38,57,20,73,105,10,9,49,5,0,0,0,0,61,0,0,13,0,0,2,0,2,0,53,57,19,22,9,33,0,0,0,0,0,3,0,113,3,1,1,3,0,2,297,11,14,0,0,0,139,50,19,17,4,0,0,0,6,0,0,1,2,22,135,1,0,0,631,1,25,0,58,22,14,16,116,0,2,0,17,18,54,0,0,0,0,29,27,40,8,0,34,1,0,0,0,0,0,0,0,8,0,0,0,0,0,1,0,0,0,0,0,259,2,0,72,28,23,41,44,53,86,66,50,105,98,102,68,86,56,50,126,188,102,0,3,1,0,2,0,0,0,0,0,0,160,19,35,23,171,7,6,0,91,50,29,22,12,39,70,68,11,3,16,53,29,13,26,20,4,0,71,110,0,79,94,0,59,2,18,47,70,64,0,0,0,0,17,8,0,19,110,23,7,31,11,7,46,3,0,0,0,173,27,65,38,40,31,0,1,19,18,13,94,26,23,0,82,34,0,1,62,68,11,24,46,16,73,8,0,24,14,46,61,29,106,35,42,32,47,16,30,25,86,0,11,0,0,0,3,0,0,0,0,0,0,0,0,0,0,34,55,18,24,27,46,23,30,13,33,17,25,10,24,14,38,119,9,18,17,14,8,25,1,19,22,1,0,0,0,0,85,122,99,49,38,68,39,13,76,33,65,34,51,18,39,49,43,27,46,137,52,0,106,0,11,1,0,0,33,47,35,22,47,60,64,27,36,63,48,26,26,22,4,44,14,45,1,15,0,0,31,134,124,0,0,36,52,100,73,0,1,0,0,1,0,3,1,0,13,9,42,0,3,0,65,16,0,6,1,4,48,0,4,0,19,23,27,29,0,3,32,0,0,27,0,0,70
73,Violences à dépositaires autorité,0,3,65,21,14,19,24,26,18,28,37,19,11,21,0,0,14,21,2,4,6,2,3,2,339,56,60,71,48,25,6,7,6,60,15,25,23,61,0,0,40,30,10,10,12,11,0,1,0,12,0,0,7,0,5,89,45,39,17,9,35,21,44,39,40,273,254,230,18,0,115,19,10,8,10,11,52,31,60,14,17,15,30,17,0,44,12,7,0,0,1,121,13,21,54,10,0,24,29,1,0,0,83,14,66,0,95,25,44,40,24,69,82,46,106,8,14,36,0,0,0,0,39,0,0,0,0,28,3,1,0,0,118,35,18,2,3,0,7,0,355,15,17,2,0,0,6,2,337,12,1,4,0,2,209,29,101,34,0,0,0,1,0,0,0,153,12,52,52,1,130,0,0,0,193,44,56,14,16,17,23,23,47,12,1,1,179,31,26,34,29,0,1,0,335,13,36,0,0,2,206,52,7,40,17,12,1,98,30,10,0,0,59,8,11,14,1,180,39,22,35,29,35,4,0,0,0,171,8,4,8,45,29,8,19,0,21,20,71,49,7,1,0,3,4,0,120,27,20,2,14,73,20,18,0,8,2,0,0,11,0,1,35,95,93,88,198,10,18,313,181,64,0,2,0,60,29,71,36,25,13,1,1,0,8,0,78,9,3,14,40,61,27,108,126,8,7,49,17,0,0,0,0,83,0,0,14,0,0,2,0,0,0,73,45,20,22,5,30,1,0,0,0,1,6,0,130,6,1,0,4,0,0,312,15,7,0,1,0,175,61,14,24,5,4,1,2,13,1,0,0,2,20,87,3,1,1,911,4,22,0,43,33,10,9,123,0,0,2,13,17,56,0,0,0,0,43,44,33,5,0,29,0,0,0,3,1,1,1,0,1,0,1,0,0,0,7,0,0,0,0,0,598,1,1,93,50,45,61,73,91,90,74,104,146,161,158,73,132,103,95,270,264,173,0,9,13,1,2,0,0,0,0,0,1,200,14,27,13,143,10,8,0,141,65,28,19,11,47,110,119,14,4,23,81,38,13,35,5,4,2,106,144,0,124,130,0,105,1,19,65,115,69,0,0,0,0,52,9,0,29,120,35,11,29,8,4,48,6,0,1,1,191,27,70,39,46,25,0,0,25,25,12,113,35,22,1,86,20,1,1,67,59,12,20,28,19,74,8,1,32,26,45,94,52,161,49,73,43,62,32,38,33,132,3,10,0,0,0,0,0,0,0,0,0,0,0,0,0,1,50,83,28,28,28,58,57,57,25,55,18,31,3,31,22,42,140,14,10,22,18,11,22,2,27,39,1,0,0,1,0,166,242,189,125,72,118,86,21,146,68,124,54,99,36,84,97,47,34,74,292,102,3,140,2,16,1,0,3,28,76,67,28,84,81,103,29,54,131,95,33,38,24,6,71,16,67,0,19,0,1,46,213,191,0,0,64,63,164,142,0,0,0,0,2,0,1,2,5,15,5,67,0,2,0,72,34,0,8,1,6,92,0,3,0,26,39,54,51,0,11,89,0,0,30,0,0,111
74,Port ou détention armes prohibées,0,1,34,10,15,35,31,43,35,25,31,45,11,26,0,0,7,39,2,1,0,1,1,8,254,67,66,66,23,11,9,23,13,71,30,11,19,94,0,0,49,33,20,44,32,6,0,0,0,4,2,0,0,0,24,133,53,83,44,7,72,32,76,65,35,479,235,250,36,0,160,20,16,5,16,27,45,48,97,37,31,9,52,32,0,49,7,10,1,0,10,144,33,8,45,14,0,16,33,0,0,0,155,38,67,2,90,21,91,51,21,51,69,25,158,26,26,38,0,0,0,4,40,0,1,2,0,25,0,0,0,3,112,47,11,0,0,0,2,16,423,10,18,1,0,0,2,3,303,8,0,0,0,8,259,55,54,38,0,0,0,0,1,0,10,103,12,47,26,2,100,0,0,3,243,86,41,60,51,61,26,22,91,11,2,5,136,19,19,30,42,0,1,0,378,24,106,0,0,8,113,40,15,25,19,12,0,160,31,23,0,1,54,6,2,10,4,222,37,46,42,56,38,0,0,0,10,201,45,15,11,82,5,21,39,2,20,43,96,26,0,0,0,0,0,0,132,36,30,11,34,64,11,41,1,1,0,0,0,6,0,8,26,102,162,67,170,27,55,472,86,95,0,0,2,45,17,59,53,9,21,0,0,0,2,0,44,9,5,12,34,28,18,83,133,6,11,34,6,0,0,0,2,124,3,1,6,0,1,1,0,1,1,55,36,7,8,8,39,0,0,0,0,1,0,0,86,3,0,0,0,0,7,227,39,30,0,1,1,157,48,10,13,3,0,0,0,9,0,1,0,16,12,34,1,3,1,966,1,29,0,61,63,25,14,100,0,0,0,13,14,59,0,0,0,2,115,32,47,1,0,7,0,0,0,7,12,14,0,0,3,0,2,4,0,1,17,0,0,0,0,0,89,0,1,111,111,106,103,90,49,134,148,130,200,234,117,116,153,86,113,158,237,171,0,20,0,0,0,0,0,0,0,0,10,207,16,45,16,142,3,0,0,79,54,92,18,22,34,70,65,38,36,18,49,55,13,41,8,1,8,83,113,0,143,93,0,51,0,40,69,117,125,0,0,0,1,31,12,0,35,125,15,6,16,4,8,33,1,0,0,5,239,52,165,40,57,50,0,3,23,35,43,78,21,24,4,122,26,0,3,110,61,14,32,48,47,67,5,0,44,17,37,56,50,89,20,29,28,27,32,26,26,79,9,1,0,0,0,0,0,0,0,2,0,6,0,0,0,3,35,51,16,23,35,47,18,30,16,29,10,54,18,11,17,38,58,12,13,23,17,16,9,8,19,20,0,0,0,0,6,42,71,113,58,63,64,56,15,78,47,84,32,39,22,33,44,29,30,77,126,45,3,38,0,6,0,0,13,27,39,46,11,47,111,82,24,29,65,73,31,26,41,15,69,20,51,0,10,0,0,8,112,118,0,0,78,202,201,141,0,3,0,0,1,0,0,0,3,12,5,191,0,0,3,152,95,1,0,1,1,118,0,95,1,23,38,45,34,0,0,86,0,0,10,0,1,45
75,Atteintes aux intérêts fondamentaux de la Nation,0,0,0,0,0,0,1,3,0,1,1,0,1,0,0,0,0,0,0,0,0,0,0,0,2,1,0,0,0,0,0,0,0,1,0,0,0,0,0,0,1,2,1,1,1,0,0,0,0,0,0,0,0,0,0,1,0,0,1,0,0,0,0,0,0,1,1,1,0,0,3,0,0,1,0,1,3,0,1,0,0,0,0,0,0,1,0,1,0,0,0,1,0,0,0,0,0,0,1,0,0,0,0,1,0,0,3,0,0,0,1,1,0,0,1,0,0,0,0,0,0,0,0,0,0,0,0,1,0,0,0,0,0,0,0,0,0,0,0,0,8,1,0,0,0,0,0,0,5,0,0,0,0,0,3,0,0,0,0,0,0,0,0,0,0,1,0,0,0,0,1,0,0,0,5,0,0,0,0,0,0,1,1,0,0,0,1,0,0,0,0,0,0,0,0,0,1,0,0,0,4,1,0,2,0,0,0,1,1,1,0,2,1,0,0,0,0,3,1,0,0,2,0,0,0,0,0,0,0,0,0,2,0,0,0,0,0,3,1,0,0,0,0,0,0,0,1,0,0,1,0,0,1,0,0,0,0,0,14,0,0,1,1,3,37,2,2,0,0,4,1,0,0,0,0,0,0,1,0,1,0,0,0,1,4,0,0,0,0,0,0,0,0,1,2,0,0,2,0,0,0,0,0,2,0,0,0,0,0,0,0,0,0,10,1,0,0,0,1,0,0,0,0,0,0,1,1,0,0,0,0,0,0,11,1,0,0,0,0,1,1,0,0,0,0,0,0,0,0,0,0,0,0,2,0,0,0,2,0,0,0,1,0,0,0,1,0,0,0,0,0,0,0,0,0,0,1,1,0,0,0,1,0,0,0,0,0,0,0,0,0,0,0,0,0,0,0,0,0,0,0,0,0,0,0,0,0,0,1,8,2,0,2,1,0,0,1,0,0,0,0,3,2,4,0,0,0,0,0,0,0,0,0,0,0,3,0,1,0,0,0,0,0,0,0,0,0,1,1,1,0,0,0,0,1,1,0,0,0,0,0,5,1,0,1,0,0,1,0,1,0,4,2,0,0,0,0,0,0,1,0,0,0,0,0,0,0,1,0,0,0,0,2,0,0,2,0,1,0,0,0,1,2,0,0,0,1,0,0,0,0,0,0,0,0,2,1,3,0,0,0,0,0,0,1,0,0,2,0,1,0,0,0,1,1,0,0,0,1,0,0,0,0,0,0,0,0,0,0,0,0,2,0,0,0,1,0,1,0,0,0,1,0,0,0,0,1,0,0,0,0,0,0,0,0,0,0,0,0,0,1,0,1,0,0,1,0,0,0,1,0,0,0,0,0,0,0,0,0,0,3,1,0,1,0,0,0,0,0,0,0,0,0,0,0,0,0,1,1,1,0,1,2,0,3,1,1,0,0,0,0,0,0,0,0,0,0,0,2,0,0,0,0,0,0,0,0,0,0,0,0,1,0,0,0,1,1,0,0,0,0,28,0,0,0,0,0,0,1,0,0,1,0,0,2,0,0,1
76,Délits des courses et des jeux,0,0,0,0,0,0,0,0,0,0,0,0,0,0,0,0,0,0,0,0,0,0,0,0,1,0,0,1,0,0,0,0,0,0,0,0,1,0,0,0,0,0,0,0,0,0,0,0,0,0,0,0,0,0,0,0,0,0,0,0,0,0,1,0,0,0,0,0,0,0,0,0,0,0,0,0,0,0,0,0,0,0,0,0,0,0,0,0,0,0,2,0,0,0,0,0,0,0,0,0,0,0,0,0,0,0,0,1,0,0,0,0,0,0,0,0,0,0,0,0,0,1,0,0,0,0,0,0,0,0,0,0,0,0,0,0,0,0,0,0,1,0,0,0,0,0,0,0,0,0,0,0,0,1,1,0,0,0,0,0,0,0,0,0,0,0,0,0,0,0,1,0,0,0,0,0,0,0,0,0,0,0,0,0,0,1,0,0,0,0,0,0,0,0,0,0,0,0,0,0,0,0,0,0,0,0,0,0,0,0,0,0,0,0,0,0,0,0,0,0,0,0,0,0,0,0,0,0,0,0,0,0,0,0,0,0,0,0,0,0,0,0,0,0,0,0,0,0,0,0,0,0,0,0,0,0,0,0,0,0,0,0,0,0,0,0,0,0,0,0,0,0,0,0,0,0,0,0,0,0,0,0,0,0,0,0,0,0,0,0,0,0,0,0,2,0,0,0,0,0,0,0,0,0,0,0,0,0,0,0,0,0,0,0,0,0,0,0,0,0,0,0,0,0,0,0,0,0,0,0,0,0,2,0,0,0,0,0,0,0,0,0,0,0,0,0,0,0,0,0,0,0,0,0,0,0,0,0,0,0,0,0,0,0,0,0,0,0,0,0,0,0,0,0,0,0,0,0,0,0,0,0,0,0,0,0,0,0,0,0,0,0,0,9,0,0,0,0,0,0,0,0,0,0,0,2,0,1,3,1,63,3,0,0,0,0,0,4,31,39,2,1,1,2,0,0,0,0,0,0,0,0,0,0,0,0,0,0,0,0,0,0,0,0,0,0,0,0,0,0,0,0,0,0,0,0,0,0,0,0,0,0,0,0,0,0,0,0,0,0,0,0,0,0,0,0,0,0,0,0,0,0,0,0,0,0,0,0,0,0,0,0,1,0,0,0,0,0,0,0,0,0,0,0,0,0,0,0,0,0,0,0,0,0,0,0,0,0,0,0,0,0,0,0,0,0,0,0,0,0,0,0,0,0,0,0,0,0,0,0,0,0,0,0,0,0,1,0,0,0,0,0,0,0,0,0,0,0,0,0,0,0,0,0,0,0,0,0,0,0,0,0,0,0,0,0,0,0,0,0,0,0,0,0,0,0,0,0,0,0,0,0,0,0,0,0,0,1,0,0,0,0,0,0,0,0,0,0,0,0,0,0,0,0,0,0,0,0,0,0,0,0,0,0,0,0,0,0,0,0,0,0,0,0,0,0,0,0,0,0,0,0,0,0,0,0,0,0,1,0,0,0,0,0,0,0,0,0,0,0,0,5,0,0,0,0,0,0,0,0,0,0,0,0,5,0,0,0
77,Délits interdiction de séjour et de paraître,0,0,1,1,0,1,2,1,1,0,0,2,0,0,0,0,0,0,1,0,1,0,0,0,8,3,0,4,1,2,0,0,0,1,0,0,1,5,0,0,2,1,1,0,0,0,0,0,0,0,0,0,0,0,0,0,0,0,1,0,8,0,0,1,3,6,5,6,0,0,1,0,1,0,0,0,2,2,0,0,0,0,0,0,0,0,0,1,0,0,0,3,0,1,0,0,0,0,2,0,0,0,7,0,0,0,3,0,2,1,0,1,1,2,20,0,1,3,0,0,0,0,0,0,0,0,0,1,0,0,0,0,2,0,0,0,0,0,0,0,9,0,0,0,0,0,0,0,3,0,0,0,0,0,5,1,0,5,0,0,0,0,0,0,0,19,0,3,0,0,4,0,0,0,2,2,0,0,2,0,2,1,0,0,0,0,2,0,1,2,1,0,0,0,12,0,1,0,0,0,4,1,0,0,2,0,0,2,0,0,0,0,4,2,0,0,0,7,2,0,0,0,1,0,0,0,0,5,0,0,2,4,1,0,0,0,0,0,4,7,0,0,0,0,0,0,3,0,0,0,1,2,0,0,0,0,0,0,0,2,0,0,1,5,1,1,6,1,2,5,1,0,0,0,0,3,7,0,0,0,0,0,0,0,1,0,2,0,0,0,0,1,0,0,1,0,0,1,0,0,0,0,0,7,0,0,1,0,0,0,0,0,0,4,1,0,1,0,1,0,0,0,0,0,0,0,1,0,0,0,0,0,0,9,0,0,0,0,0,2,2,0,0,1,0,0,0,0,0,0,0,0,2,1,0,1,0,41,0,0,0,2,0,1,0,8,0,0,0,0,1,1,0,0,0,0,3,0,1,1,0,3,0,0,0,0,0,1,0,0,0,0,0,0,0,0,0,0,0,0,0,0,4,0,0,1,0,0,0,1,2,3,1,4,6,7,7,5,4,3,3,16,25,29,0,1,0,0,0,0,0,0,0,0,0,2,0,1,0,4,0,0,0,1,5,26,0,0,3,2,1,1,0,0,14,2,0,2,0,0,0,3,0,0,6,3,0,0,0,0,1,6,1,0,0,0,0,0,0,0,0,3,0,0,0,0,0,0,0,0,0,0,4,1,1,0,0,1,0,0,0,0,0,1,1,0,0,0,0,0,0,4,0,0,0,1,2,0,0,0,1,1,1,5,1,6,3,1,1,3,7,0,0,2,0,0,0,0,0,0,0,0,0,0,0,0,0,0,0,0,3,0,0,1,0,1,2,12,3,7,2,0,0,0,0,2,19,0,2,1,0,0,0,0,3,0,0,0,0,0,0,11,17,4,4,1,2,18,1,16,6,14,1,9,3,1,6,1,4,4,26,10,0,2,0,0,0,0,0,0,0,0,0,1,0,9,0,1,2,1,0,0,2,0,1,0,1,0,1,0,0,5,0,2,0,0,0,2,1,1,0,0,0,0,0,0,0,1,0,1,0,1,0,0,0,0,0,0,0,0,0,0,0,0,0,2,3,0,0,0,0,0,0,0,0,0,0,0
78,"Destructions, cruautés et autres délits envers les animaux",0,0,2,0,2,0,1,2,1,6,6,8,5,1,0,0,1,5,0,0,0,0,0,0,42,7,5,6,4,0,0,0,0,4,0,0,2,8,0,0,3,1,0,1,1,0,0,0,0,0,0,0,0,0,0,4,1,3,1,0,5,2,4,3,0,13,10,14,0,0,12,2,1,1,5,2,6,1,7,4,1,3,5,3,0,4,0,2,0,0,0,14,1,2,2,0,0,1,6,0,0,0,3,0,5,0,7,2,1,3,4,4,1,0,4,3,0,3,0,0,0,0,0,0,1,0,0,3,0,0,0,0,10,6,0,0,0,0,0,0,24,0,2,0,0,0,0,0,18,4,0,0,0,0,17,4,11,2,0,0,0,0,0,0,0,5,1,12,4,0,8,0,0,0,3,0,1,2,2,3,3,3,4,3,0,0,5,3,4,3,1,0,0,0,17,0,6,0,0,0,11,8,0,4,5,1,0,7,1,2,0,0,10,2,2,1,0,15,5,3,2,5,7,0,0,0,0,14,4,2,2,7,2,0,2,0,1,1,5,2,0,0,0,0,0,0,9,2,2,0,1,5,4,5,0,0,0,0,0,0,0,0,3,14,10,21,19,1,5,24,7,6,0,0,0,2,2,4,2,0,3,0,0,0,0,0,14,2,2,0,6,10,1,9,28,0,1,7,1,0,0,0,0,2,0,0,1,0,0,0,0,0,0,1,5,4,3,1,4,0,0,0,0,0,0,0,4,0,0,0,0,0,0,12,3,0,0,0,0,9,3,0,0,0,0,0,0,0,0,0,0,0,4,2,0,0,0,22,0,2,0,4,4,8,1,6,0,0,0,1,3,4,0,0,0,0,0,1,1,0,0,0,0,0,0,0,0,0,0,0,0,0,0,0,0,0,0,0,0,0,0,0,0,0,0,1,1,0,0,0,3,1,1,2,1,2,4,3,3,2,2,1,6,4,0,0,0,0,0,0,0,0,0,0,0,13,0,3,1,6,0,0,0,6,7,2,7,1,1,8,5,3,2,2,4,1,3,5,0,0,0,7,7,0,3,2,0,3,0,4,0,4,3,0,0,0,1,6,1,0,2,10,3,1,2,0,3,3,0,0,0,0,13,4,4,1,3,6,0,0,3,1,3,11,1,4,0,5,1,0,0,4,0,0,0,1,3,3,0,0,2,0,1,4,3,4,1,2,4,1,1,4,5,1,0,0,0,0,0,1,0,0,0,0,0,0,0,0,0,0,1,2,0,1,4,2,0,3,0,2,1,0,0,2,0,1,3,0,0,0,0,0,2,0,0,3,0,0,0,0,0,9,10,6,7,7,3,2,3,12,5,4,5,3,2,8,3,1,4,6,4,4,0,4,0,1,0,0,0,1,2,4,0,2,0,5,0,4,1,3,1,0,0,0,3,0,2,0,1,0,0,1,3,13,0,0,5,4,5,5,0,0,0,0,0,0,0,0,0,0,0,4,0,0,0,5,2,0,0,1,0,0,0,0,0,1,3,0,2,0,0,2,0,0,7,0,0,10
79,Atteintes à l'environnement,0,0,0,1,0,0,0,2,0,1,1,2,0,0,0,0,0,0,0,0,0,0,0,0,2,1,2,1,0,0,0,0,0,0,0,0,0,0,0,0,3,1,2,0,1,0,0,0,0,0,0,0,0,0,0,1,1,0,1,1,1,0,7,1,2,4,2,3,0,0,2,1,0,0,0,1,4,2,0,0,2,1,0,2,0,1,0,0,0,0,0,3,1,1,4,0,0,0,1,0,0,0,4,0,1,0,0,0,0,0,3,0,1,0,0,0,2,0,0,0,0,0,0,0,0,0,0,1,0,0,0,0,3,1,0,0,0,0,0,0,11,0,1,0,0,0,0,0,5,4,0,0,0,0,6,3,2,2,0,0,1,0,0,0,0,2,0,2,1,0,2,0,0,0,4,0,0,2,0,4,1,0,1,0,0,0,15,1,1,3,1,0,0,0,4,3,0,0,0,0,2,2,1,0,3,0,0,1,1,0,0,0,0,0,2,0,1,1,2,2,1,0,1,0,0,0,0,2,1,0,0,3,0,0,0,0,1,0,1,1,0,0,0,0,0,0,0,2,0,0,0,4,1,4,0,0,0,0,0,0,0,0,0,5,1,3,6,0,1,12,3,0,0,0,0,0,0,0,2,0,0,0,0,0,0,0,1,0,0,1,1,5,0,1,7,0,1,0,0,0,0,0,0,4,0,0,0,0,0,0,0,0,0,3,1,0,1,1,1,0,0,0,0,0,0,0,0,0,0,0,0,0,0,4,1,0,0,0,0,0,0,0,2,0,0,0,0,0,0,0,0,0,1,4,0,0,0,4,0,1,0,0,1,0,0,1,0,0,0,0,0,0,0,0,0,0,0,1,0,0,0,0,0,0,0,0,0,0,0,0,2,0,0,0,0,0,0,0,0,0,0,0,0,0,0,0,1,0,0,0,0,0,0,0,0,3,0,0,1,5,0,0,0,3,0,0,0,0,0,0,0,0,0,0,0,2,0,0,0,3,0,0,0,7,1,0,1,3,2,1,6,2,3,0,2,0,1,0,0,0,0,3,1,0,1,0,0,1,0,4,0,0,2,0,0,0,0,0,0,0,1,2,0,1,0,1,1,1,0,0,0,0,3,0,0,0,1,1,0,0,1,1,0,3,1,2,0,1,1,0,0,2,2,0,0,1,0,0,0,0,0,1,2,0,2,2,0,0,1,1,0,0,1,0,0,0,0,0,0,0,0,0,0,0,0,0,0,0,0,0,0,0,0,0,0,1,0,0,0,0,0,0,0,0,0,0,0,0,3,0,0,0,0,0,0,0,0,0,0,0,0,1,0,0,0,0,0,1,1,1,0,0,2,1,0,0,1,0,0,0,1,0,0,0,0,0,0,0,0,0,1,0,1,1,0,2,0,0,0,1,0,0,1,0,0,0,0,0,0,0,0,1,2,1,0,0,0,0,0,1,0,0,0,0,0,0,0,0,0,0,0,1,0,0,0,3,1,0,2,4,3,3,0,0,0,1,2,0,1,0,0,1,0,0,0,0,0,7
80,Chasse et pêche,0,0,0,0,0,0,0,0,0,0,0,0,0,0,0,0,0,0,0,0,0,0,0,0,1,0,0,1,0,0,0,0,0,0,0,0,0,0,0,0,0,0,0,0,0,0,0,0,0,0,0,0,0,0,0,0,0,0,0,1,1,0,0,2,0,1,0,2,0,0,6,0,0,2,1,0,0,0,0,0,1,0,0,1,0,0,0,0,0,0,0,0,0,2,7,0,0,0,0,0,0,0,0,0,0,0,0,0,0,0,0,0,0,0,0,0,0,0,0,0,0,0,0,0,0,0,0,0,0,0,0,0,0,0,0,0,0,0,0,0,1,0,0,0,0,0,0,0,2,0,0,0,0,0,0,0,0,1,0,0,0,0,0,0,0,0,0,0,0,0,0,0,0,0,0,0,0,0,0,0,3,0,0,0,0,0,0,0,0,0,0,0,0,0,2,0,1,0,0,0,0,0,0,0,0,0,0,0,0,0,0,0,0,0,0,0,0,0,1,0,0,0,0,0,0,0,0,0,0,0,0,0,0,0,0,0,0,0,0,1,0,0,0,0,0,0,0,0,0,0,0,0,0,0,0,0,0,0,0,0,0,0,0,1,0,0,0,0,0,0,0,1,0,0,0,0,0,0,0,1,0,0,0,0,0,0,1,0,0,0,0,0,0,0,0,0,0,0,0,0,0,0,0,0,0,0,0,0,0,0,0,0,0,0,0,0,0,0,1,0,0,0,0,0,0,0,0,0,0,0,0,0,0,0,0,0,0,0,0,0,0,0,0,0,0,0,0,0,0,0,0,0,0,0,0,0,0,0,0,0,0,0,0,0,0,1,0,0,0,0,0,0,0,0,0,0,0,0,0,0,0,0,0,0,0,0,0,0,0,0,0,0,0,0,0,0,0,0,0,0,0,0,0,0,0,0,0,0,0,0,0,0,0,0,0,0,0,0,0,0,0,0,0,0,0,0,0,0,0,0,0,0,0,0,0,1,0,2,0,0,0,0,0,0,0,0,0,0,0,0,0,0,0,0,0,0,0,0,0,0,0,0,0,0,0,0,0,0,0,0,0,0,0,0,0,0,0,0,1,0,0,0,0,0,0,0,0,0,0,0,0,0,0,0,0,0,0,0,0,0,0,0,0,0,0,0,0,0,0,0,0,0,0,0,0,0,0,0,0,0,0,0,0,0,0,0,0,0,0,0,0,0,0,0,0,0,0,0,0,0,0,0,0,0,0,0,0,0,0,0,0,0,0,0,0,0,0,0,0,0,0,0,0,0,0,0,0,0,0,0,0,0,0,0,0,0,0,0,0,0,0,0,0,0,0,0,0,0,0,0,0,0,0,0,0,0,0,0,0,0,0,0,0,0,0,0,0,0,0,0,0,0,0,0,0,0,0,0,0,0,0,0,0,0,0,0,0,0,0,0,0,0,0,0,0,0,0,1,0,0,0,0,0,0,0,0,0,0,0,0,0,1,0,0,0,0,0,0,0,0,0,0,0,0,0,0,1,0,0,0,1,0,0,0,0,0,0,2
81,Faux documents d'identité,8,69,1,5,2,1,0,0,0,17,14,0,1,0,41,1,0,0,39,100,1,10,12,1,7,7,5,6,2,1,0,0,0,2,1,0,1,5,79,17,4,1,1,0,9,3,1,8,1,28,1,63,9,0,1,5,0,4,1,0,0,0,4,1,0,17,11,1,2,54,2,0,0,0,0,1,0,1,2,0,0,1,4,0,0,1,0,0,13,12,2,2,0,3,8,3,0,4,2,4,3,18,3,1,1,0,2,3,0,1,5,1,4,2,4,0,0,3,9,0,0,0,0,1,0,0,0,0,20,0,11,0,2,0,0,27,0,0,34,0,7,0,0,1,0,4,67,0,26,1,62,2,0,0,7,1,4,2,0,37,0,0,10,8,1,7,1,0,0,0,7,0,37,2,8,1,4,1,0,0,7,0,5,2,0,0,26,0,0,0,6,10,18,34,7,0,2,8,3,1,34,0,15,1,1,0,0,9,2,2,3,49,1,0,0,2,1,5,9,0,0,1,10,2,4,3,0,7,0,0,0,1,0,0,1,0,4,1,0,0,2,0,8,9,23,23,1,1,0,0,1,3,0,0,0,0,2,19,32,133,17,1,0,6,0,0,2,0,0,11,5,2,2,33,0,1,1,2,3,2,1,165,0,1,672,0,3,1,0,0,2,0,0,1,4,0,0,1,0,15,0,27,0,3,0,0,1,46,2,30,69,0,0,3,0,1,1,0,0,0,9,0,9,117,108,0,1,0,18,1,11,0,2,8,0,0,17,10,4,2,0,1,0,1,34,18,0,103,31,0,0,3,0,0,0,0,0,62,0,1,0,1,1,0,1,11,3,25,94,2,0,4,5,8,17,1,5,10,0,214,0,14,0,0,0,2,1,3,0,2,1,0,1,0,0,0,4,1,0,4,0,1,7,2,3,5,10,8,56,7,4,16,9,16,22,23,12,29,18,7,15,27,7,13,0,1,0,0,0,4,0,19,58,0,2,5,1,6,0,1,2,76,10,12,4,41,0,3,1,3,10,2,0,1,8,4,0,8,0,122,3,12,9,0,10,2,0,3,0,2,8,6,5,0,0,0,0,2,1,1,1,15,2,0,0,0,2,1,1,7,21,0,5,1,2,2,0,1,27,0,0,1,0,2,1,0,0,10,1,60,1,5,1,0,1,11,1,2,4,40,1,2,4,4,9,14,2,4,1,10,1,2,0,8,2,0,0,0,0,0,0,1,0,0,0,2,0,0,0,0,1,12,1,5,5,4,4,5,3,2,3,9,1,2,3,6,9,2,1,2,2,4,2,0,3,4,0,0,0,0,0,7,13,14,7,6,14,6,5,16,7,7,2,6,2,4,4,15,6,3,18,14,1,4,2,28,0,0,0,7,3,5,8,4,10,14,1,7,3,10,9,7,3,11,7,5,7,1,6,11,67,343,54,7,0,1,10,9,15,20,0,0,5,1,1,0,1,7,0,1,0,1,8,4,1,0,1,3,170,10,9,0,8,2,1,0,0,0,1,62,16,4,0,0,1,2,0,0
82,Faux documents concernant la circulation des véhicules,11,17,4,4,0,0,4,2,0,1,1,3,0,0,5,0,0,2,13,0,0,4,0,0,19,8,6,5,1,0,1,0,0,1,1,0,0,2,3,0,1,2,1,0,0,7,0,0,0,0,2,15,0,0,0,3,0,4,0,1,0,1,5,4,2,13,19,7,0,16,4,1,0,1,0,1,0,3,2,1,2,1,7,1,0,0,0,0,14,36,0,4,0,0,8,0,0,1,0,1,27,18,3,0,1,0,3,1,2,0,0,3,1,0,2,1,0,4,0,0,0,0,1,0,0,0,0,0,2,0,1,0,3,1,1,48,0,0,18,1,19,0,3,0,0,7,9,0,21,1,6,1,0,0,9,1,4,2,0,68,0,0,1,2,0,11,1,1,0,0,7,0,0,0,2,5,0,0,0,4,2,1,2,1,1,0,5,2,2,1,2,3,0,14,23,0,4,106,0,0,8,7,0,1,2,2,0,5,0,2,1,6,0,0,0,1,0,2,2,0,2,0,8,1,23,5,0,10,0,0,0,2,0,0,1,0,0,0,4,2,4,0,46,19,21,28,2,1,2,0,2,4,4,0,0,2,0,0,0,29,5,0,2,6,3,9,10,1,3,17,10,7,0,1,0,3,3,3,0,1,0,0,0,0,1,0,5,1,0,1,2,4,0,1,11,5,1,9,0,12,0,27,0,4,0,0,1,9,0,0,0,0,0,2,2,0,1,0,2,0,2,0,0,12,14,0,7,1,12,0,34,0,1,18,0,1,44,1,2,5,0,1,1,2,98,6,0,6,1,0,0,0,2,0,0,0,0,35,0,3,0,2,0,2,1,4,0,8,3,0,2,0,2,0,0,0,3,3,0,0,0,47,0,0,0,0,0,0,0,0,0,0,0,1,0,0,0,0,0,0,0,0,0,0,0,1,0,1,13,1,1,3,1,0,0,3,3,0,2,8,5,4,1,7,0,3,0,0,1,1,0,10,47,0,0,6,0,1,0,13,1,51,0,9,1,0,0,1,1,1,4,2,0,0,5,3,2,4,0,92,0,6,6,0,3,2,0,3,0,1,10,6,3,0,0,0,0,0,0,0,0,11,1,2,0,0,0,0,0,0,6,0,7,0,6,3,2,2,1,0,1,0,1,2,3,0,0,12,2,7,0,1,0,0,0,2,1,3,4,50,5,7,4,5,13,16,1,3,2,1,2,1,2,7,0,0,0,0,0,0,0,0,0,0,0,0,0,0,0,0,0,3,4,1,1,0,5,1,3,1,1,1,2,1,1,3,7,2,0,2,3,4,0,0,0,1,0,0,0,0,0,7,5,14,7,6,8,4,4,9,15,1,0,1,2,0,6,34,3,2,31,6,0,2,0,0,2,0,0,3,5,1,1,3,6,22,0,0,8,6,1,5,1,0,22,1,8,0,7,0,18,0,24,7,0,0,16,6,10,33,0,0,0,0,1,0,0,8,0,0,0,1,0,0,0,2,1,1,2,4,1,3,0,1,0,0,1,1,3,0,0,0,0,0,2,0,0,1
83,Autres faux documents administratifs,1,3,5,3,1,0,0,1,0,5,3,2,1,1,4,0,0,4,16,7,0,3,1,1,30,8,6,2,3,1,1,3,0,3,0,1,0,8,1,0,5,2,2,0,0,3,0,2,0,2,0,14,1,0,1,5,3,5,0,1,3,2,3,7,0,15,24,23,3,3,8,1,0,0,1,1,3,3,0,0,2,4,4,2,0,0,0,0,1,0,2,12,0,1,6,0,0,1,0,1,3,1,12,2,1,0,5,1,1,1,2,2,3,1,5,2,0,3,2,0,0,0,0,8,0,0,0,1,7,0,0,0,20,2,3,15,0,0,14,0,50,0,1,0,0,4,7,0,30,2,14,1,1,0,31,1,3,1,0,0,0,0,0,0,1,7,0,1,1,1,16,0,7,0,7,7,3,1,1,1,5,3,4,1,0,0,14,2,2,2,3,7,1,9,8,1,3,6,1,0,28,4,7,5,1,0,0,17,4,1,1,9,1,0,0,4,0,3,4,2,1,0,4,0,12,1,0,16,0,0,0,2,1,0,0,0,0,2,2,0,1,0,2,1,2,6,7,1,0,0,1,3,1,2,0,0,0,4,0,6,9,1,0,9,3,3,15,0,0,23,6,6,5,22,0,3,1,1,2,1,2,0,0,0,1,0,4,2,0,1,6,1,0,2,14,2,2,3,0,6,1,11,0,4,1,0,1,2,0,6,10,1,0,7,1,4,3,0,1,0,7,0,5,10,32,0,4,0,31,0,40,0,2,13,0,0,2,0,0,1,2,1,0,0,11,2,0,9,8,0,0,1,3,2,0,2,0,56,0,1,0,2,0,0,2,4,0,2,4,0,2,2,0,0,2,0,3,4,0,0,0,20,0,0,0,0,0,0,0,4,2,0,0,1,0,1,0,0,0,0,0,0,2,0,1,2,0,2,2,4,4,16,2,10,3,2,11,3,14,6,2,17,7,4,0,0,0,0,2,12,0,11,38,1,1,17,1,1,2,12,0,19,11,7,1,2,1,0,2,4,9,2,0,0,4,4,1,4,0,15,0,13,3,0,8,9,0,3,0,1,3,4,11,0,0,0,0,5,0,0,2,12,2,0,1,0,1,4,1,1,1,0,13,2,9,3,5,0,3,0,2,2,1,9,4,1,0,10,4,8,0,5,1,0,0,5,1,0,4,40,1,1,2,4,2,4,1,3,0,6,3,1,2,6,0,0,0,0,0,0,0,1,0,0,0,0,0,0,0,0,6,2,2,3,9,3,4,2,2,1,1,3,1,4,2,1,10,10,2,2,3,3,9,0,0,0,0,0,0,0,0,5,6,16,3,7,2,2,2,5,4,0,2,7,0,2,4,9,4,1,10,5,0,2,0,0,0,0,0,1,2,5,1,2,5,15,3,1,6,8,3,3,1,0,5,2,2,0,1,0,16,10,20,8,0,0,5,10,8,6,0,0,8,0,7,0,0,2,3,1,0,3,16,0,0,4,2,4,6,17,3,4,3,0,0,0,3,1,7,2,2,0,1,0,0,1,0,2
84,Faux en écriture publique et authentique,0,0,1,0,1,0,0,0,1,0,1,0,1,0,1,0,0,0,0,0,0,0,0,0,10,1,0,1,0,1,0,0,0,2,0,0,0,2,0,0,0,2,0,2,0,0,0,0,0,0,0,0,0,0,0,0,2,1,0,0,1,0,2,1,0,2,1,3,0,1,1,0,0,0,0,0,0,0,0,1,0,0,1,0,0,0,0,0,0,0,0,2,1,1,1,0,0,1,0,0,0,0,0,0,0,0,0,0,1,1,0,0,2,2,0,0,0,0,0,0,0,1,1,0,0,0,0,0,0,0,1,0,0,1,0,1,0,0,0,0,10,0,0,0,0,0,0,0,4,0,2,0,0,1,8,1,4,0,0,0,0,0,0,0,0,1,0,1,0,0,0,0,0,0,1,0,0,1,0,0,0,1,0,0,0,0,0,1,0,0,0,0,0,0,1,0,0,0,0,0,4,0,0,0,0,0,0,2,1,0,0,0,1,0,0,0,0,0,1,2,0,0,0,0,1,0,0,0,0,0,0,0,0,0,0,0,0,0,0,0,0,0,0,3,0,0,1,0,0,0,1,6,0,0,0,0,0,0,0,0,0,1,0,0,0,0,1,0,0,8,4,5,0,0,0,3,1,1,0,0,1,0,0,0,0,0,1,0,0,0,0,1,0,0,5,0,0,0,0,0,0,0,0,0,0,0,0,0,0,0,0,0,0,1,0,1,0,0,0,0,0,0,0,0,0,0,3,0,0,0,0,0,0,2,0,0,0,0,0,2,1,3,0,0,0,0,0,0,0,0,0,0,0,0,0,0,0,13,0,0,0,3,0,0,0,0,0,1,0,0,0,0,0,0,0,0,0,0,1,0,0,1,0,0,0,0,0,0,0,0,1,0,0,0,0,0,0,0,0,0,0,0,0,0,0,1,2,0,0,0,1,1,0,0,0,2,0,2,2,2,1,5,0,1,0,0,1,0,0,0,0,0,0,0,1,4,0,0,0,0,0,1,0,0,0,0,1,0,1,0,2,0,0,0,0,0,0,2,0,2,1,0,2,0,2,1,0,3,0,0,0,1,3,0,0,0,0,0,0,0,0,2,1,0,0,0,0,0,0,0,0,0,4,0,0,0,0,0,0,0,3,0,0,2,0,0,0,1,0,0,0,4,0,0,0,0,0,0,0,50,0,0,1,1,0,4,0,1,0,2,1,0,0,1,0,0,0,0,0,0,0,0,0,0,0,0,0,0,0,2,0,0,0,0,1,0,0,2,1,0,0,0,0,2,0,1,0,1,0,0,1,0,0,0,0,0,0,0,0,0,0,0,1,0,1,0,0,1,1,0,0,0,1,3,2,0,0,2,0,0,1,1,0,0,0,0,0,0,0,0,1,0,1,0,0,0,0,0,1,0,0,2,0,0,1,2,1,0,0,0,1,0,1,1,0,0,1,0,4,0,0,0,0,0,0,0,0,0,0,0,0,0,0,0,0,0,0,0,0,0,0,0,0,0,0,1,0,1,0,1,0,0,0,0,0,0,0,1
85,Autres faux en écriture,4,0,4,2,3,3,1,3,3,11,6,10,2,4,0,0,2,7,0,1,0,0,0,4,38,15,14,15,6,3,4,0,2,3,1,0,3,15,0,0,6,1,1,2,2,12,0,0,0,0,1,2,0,0,1,32,12,7,6,3,13,5,15,14,4,46,40,38,1,1,177,3,1,2,3,4,6,0,22,4,5,1,13,8,0,2,4,1,2,0,4,21,2,2,10,2,0,2,10,0,0,2,31,4,5,0,20,7,2,5,3,12,8,9,9,0,3,9,10,0,0,0,8,1,0,0,0,14,16,0,0,0,14,11,2,1,0,0,1,11,75,4,4,1,0,2,2,2,80,11,5,3,1,1,47,1,8,1,0,1,0,0,0,0,5,14,5,14,2,1,14,0,0,0,21,5,1,4,3,1,3,0,6,4,0,0,35,8,5,8,3,0,0,3,32,1,5,6,0,1,25,4,5,1,5,4,4,9,3,8,1,11,2,2,2,3,3,18,8,15,8,1,15,0,1,0,2,30,1,0,1,8,0,0,5,0,4,5,13,3,0,0,1,3,0,1,25,2,1,1,3,11,3,6,1,0,0,2,0,0,1,5,8,9,17,16,51,5,5,43,15,14,0,0,0,11,12,11,3,3,4,0,0,0,0,0,24,2,1,3,9,4,3,5,55,1,4,7,0,3,0,0,9,23,0,0,3,0,0,0,0,2,0,12,14,2,4,1,5,0,1,0,0,0,3,0,29,0,2,0,1,0,6,50,7,4,1,0,0,9,7,1,3,0,0,2,0,0,0,0,0,0,5,2,1,1,2,177,0,3,0,12,2,2,7,7,0,0,0,2,0,8,0,0,2,0,5,8,5,0,0,5,0,0,0,0,1,1,0,31,2,1,0,0,0,1,2,0,6,3,0,0,2,0,0,7,2,3,3,10,7,22,11,8,22,8,13,8,27,3,11,18,6,2,0,0,0,0,1,0,0,3,3,0,11,32,6,2,4,18,0,2,8,23,9,5,0,6,11,5,21,4,4,4,5,15,3,8,0,12,2,31,15,1,27,10,0,18,0,3,29,15,14,0,0,0,0,5,2,2,4,17,0,1,3,0,1,7,1,2,2,0,38,6,17,9,10,10,0,0,10,2,5,18,3,7,1,17,4,1,1,23,6,1,2,5,10,4,1,27,11,3,6,8,4,10,10,9,4,9,7,4,3,11,0,0,1,0,4,0,0,2,0,0,0,0,0,0,0,3,21,7,1,14,15,7,13,4,5,2,2,3,5,8,3,3,8,5,4,5,5,0,3,0,2,2,0,0,0,0,1,5,10,11,11,3,11,6,6,3,10,14,4,8,2,6,5,12,3,0,7,4,0,7,0,2,0,0,1,3,4,2,4,10,8,22,1,17,6,16,4,6,9,2,11,4,11,0,0,0,11,1,18,22,0,0,6,13,8,14,0,0,1,0,0,0,0,1,8,1,1,6,7,1,0,11,3,2,0,0,3,11,0,1,1,0,18,1,19,1,0,1,0,0,6,0,0,5
86,Fausse monnaie,0,0,8,0,1,0,2,2,0,0,0,3,0,0,1,0,1,2,0,0,0,0,0,9,30,2,5,6,2,0,0,7,0,3,0,0,0,2,0,0,11,0,1,0,1,2,0,1,0,0,0,0,0,0,9,6,3,1,0,0,0,2,6,5,0,11,9,4,1,0,6,0,1,0,3,1,4,1,1,2,0,2,2,0,0,2,0,0,1,0,10,4,0,0,1,1,0,1,0,0,0,0,2,0,0,1,1,1,0,2,10,4,4,2,0,0,0,1,0,0,0,1,0,0,0,0,0,0,0,0,0,0,6,0,0,0,0,0,0,8,17,1,1,0,0,0,0,8,14,0,0,0,0,4,18,3,1,3,0,0,0,0,0,0,9,4,0,3,0,2,6,0,0,3,12,10,1,1,2,1,2,1,3,0,0,2,8,0,0,11,2,0,0,0,11,4,2,0,0,1,5,1,1,2,0,0,0,8,1,0,0,0,1,1,1,0,4,1,1,1,0,0,2,0,0,0,10,14,1,1,1,4,0,0,0,0,0,0,1,0,0,0,0,0,0,0,12,0,0,0,0,6,0,0,0,0,0,0,0,0,0,8,3,5,6,3,22,1,1,46,36,12,0,0,2,1,0,7,0,1,0,0,0,0,1,0,5,0,0,0,10,0,2,4,41,0,3,0,1,0,0,0,5,4,0,0,0,0,0,0,0,2,0,2,2,2,0,0,1,0,0,0,1,0,0,0,10,0,0,0,0,0,8,34,4,2,0,0,0,2,1,0,3,1,0,0,0,0,0,0,0,3,5,7,0,1,0,117,0,0,0,3,2,1,1,11,0,0,1,0,1,3,0,0,0,1,4,4,0,0,0,0,0,0,0,0,0,0,0,0,0,0,0,0,0,20,0,0,0,1,0,0,8,0,0,11,6,5,2,11,3,10,5,4,5,9,5,4,9,9,7,15,12,3,0,1,0,1,0,0,0,0,0,0,9,2,2,1,1,5,0,0,0,5,6,0,3,0,4,6,13,7,0,0,7,9,0,3,0,1,7,9,10,0,4,8,0,6,0,0,2,3,3,0,0,0,0,3,0,2,2,10,3,1,2,0,0,11,0,0,0,0,34,5,4,1,9,1,0,1,0,2,0,7,1,0,3,3,0,0,2,5,4,2,0,2,5,1,0,0,2,5,1,2,2,4,2,6,1,1,0,4,1,13,0,0,0,0,0,0,6,0,0,0,0,0,0,0,0,0,1,4,1,3,1,3,2,2,1,4,1,4,1,2,0,1,1,4,0,1,0,0,0,0,0,1,0,0,0,0,0,2,7,15,3,6,7,6,1,8,2,5,1,4,3,1,4,2,19,4,6,1,0,6,0,1,0,0,0,0,0,1,3,2,4,18,1,3,8,5,0,4,1,3,4,0,12,0,0,0,0,2,8,16,0,0,6,11,12,7,0,0,0,0,0,0,0,0,1,3,1,6,0,1,0,3,0,0,0,0,0,3,0,0,0,0,1,0,9,0,0,8,0,0,3,0,0,1
87,Contrefaçons et fraudes industrielles et commerciales,0,0,0,0,0,1,0,3,0,3,0,7,1,3,0,0,0,2,0,0,0,0,0,0,7,11,0,0,0,1,0,2,2,0,0,4,2,6,0,0,2,0,4,0,5,0,0,0,0,0,0,0,0,0,0,8,4,3,9,0,7,0,9,2,0,33,28,21,0,0,7,0,2,0,2,5,0,0,7,2,3,0,1,0,0,0,0,2,0,0,2,6,0,1,3,0,0,3,1,0,0,0,3,0,13,0,7,0,2,2,1,4,4,9,1,0,1,0,0,0,0,0,2,0,0,0,0,3,0,0,0,0,17,6,6,0,0,0,0,0,10,0,0,0,0,0,0,0,10,1,0,0,0,0,13,7,4,3,0,0,0,0,0,0,0,10,0,0,1,0,15,0,0,0,13,2,6,0,4,1,6,1,2,4,0,0,3,6,0,2,7,0,0,0,15,3,2,0,0,0,5,0,0,0,0,0,0,0,0,0,0,0,0,2,0,1,1,8,2,0,0,2,1,0,0,0,0,17,0,1,0,1,0,1,0,0,1,1,3,0,0,0,0,0,0,0,11,0,1,0,1,2,4,6,0,0,0,0,0,0,0,0,6,3,0,2,10,0,1,22,2,8,0,0,0,0,0,4,0,0,6,0,0,0,0,0,5,1,0,0,1,4,0,0,16,0,0,2,0,0,0,0,2,6,0,0,2,0,0,0,0,0,0,8,6,2,1,0,0,0,0,0,0,0,0,0,2,0,0,0,0,0,0,20,0,2,0,0,0,7,0,0,1,0,0,0,0,0,0,0,0,0,1,0,0,1,0,36,0,1,0,2,1,1,0,9,0,0,0,1,1,1,0,0,0,0,0,1,1,0,0,0,0,0,0,0,0,0,0,21,1,1,0,0,0,0,0,0,0,0,5,0,0,0,0,2,0,1,0,1,1,2,0,1,9,0,2,0,0,2,0,72,2,1,0,0,0,0,0,0,0,0,0,0,0,13,2,2,0,5,0,0,0,0,3,3,0,0,2,1,8,1,1,0,6,3,0,1,0,0,14,3,5,0,6,0,0,2,0,0,16,11,1,0,0,0,0,4,0,0,7,2,0,0,0,2,1,0,0,0,0,0,5,0,2,2,15,3,0,0,2,3,3,12,2,0,0,2,2,0,0,4,1,1,0,0,0,0,0,0,3,0,6,0,4,0,1,1,2,1,1,2,0,19,0,0,0,0,0,0,0,0,0,0,0,0,0,0,0,0,2,1,0,3,0,0,0,1,0,1,0,0,0,0,1,1,0,0,13,0,6,0,0,0,0,0,0,0,0,0,0,6,19,5,10,19,1,0,1,10,7,5,2,5,0,0,0,1,17,0,0,73,0,0,0,1,0,0,0,1,2,0,1,3,1,3,2,10,1,4,2,0,0,7,2,0,0,0,0,0,0,1,2,9,0,0,7,9,8,2,0,0,0,0,0,0,0,0,1,0,0,0,0,0,0,0,0,0,0,0,0,0,0,0,0,0,2,0,1,0,0,0,0,0,0,0,0,0
88,Contrefaçons littéraires et artistique,0,0,0,0,0,0,0,0,0,0,0,0,0,0,0,0,0,0,0,0,0,0,0,0,5,0,0,0,0,0,0,0,0,0,0,0,0,1,0,0,0,0,0,0,0,0,0,0,0,0,0,0,0,0,0,2,0,2,0,0,0,0,2,0,0,0,5,0,0,0,7,0,0,0,0,0,0,0,0,0,0,0,0,0,0,0,0,0,0,0,0,2,0,0,0,0,0,0,0,0,0,0,1,0,0,0,0,0,0,0,0,0,0,1,1,0,0,0,0,0,0,0,1,0,0,0,0,0,0,0,0,0,0,0,0,0,0,0,0,0,7,1,0,0,0,0,0,1,1,0,0,0,0,0,1,0,5,0,0,0,0,0,0,0,12,2,0,0,0,0,0,0,0,0,1,0,0,0,0,0,0,0,0,0,0,0,0,0,0,0,0,0,0,0,1,0,1,0,0,0,0,0,4,0,0,0,1,1,0,3,0,0,1,0,0,0,2,0,0,0,0,0,0,0,0,0,0,3,0,0,0,0,0,0,0,0,0,0,1,0,0,0,0,0,0,0,2,0,0,0,2,1,0,0,0,0,0,0,0,0,0,0,3,0,0,0,2,0,0,1,0,0,0,0,0,0,0,1,0,0,0,0,0,0,0,0,0,0,0,0,0,3,0,0,40,0,0,0,0,0,0,0,2,1,0,0,0,0,0,0,0,0,0,0,0,0,0,0,0,0,0,0,0,0,0,0,0,0,0,0,0,0,1,5,0,0,0,0,0,0,0,0,0,0,0,0,0,0,0,0,0,0,0,0,0,0,0,1,0,0,0,0,0,0,1,0,0,0,0,0,0,0,0,0,0,0,0,0,0,0,0,0,0,0,0,0,0,0,0,0,13,0,0,0,0,0,0,0,0,0,2,0,0,0,0,1,0,0,0,2,0,0,0,0,0,1,1,1,1,0,0,0,0,0,0,0,0,0,0,0,0,0,0,0,5,0,0,0,0,0,0,0,0,0,0,0,0,0,0,0,0,0,0,0,0,0,0,0,0,0,0,2,0,0,7,0,0,0,0,0,0,0,0,0,0,0,1,0,0,0,0,0,0,0,0,0,0,0,0,0,0,0,10,0,1,0,0,1,0,0,0,0,0,0,0,0,0,0,0,0,0,0,0,0,0,0,0,0,0,0,1,0,0,0,0,0,0,0,0,0,0,0,0,0,0,0,0,3,0,2,0,0,0,0,0,0,0,0,0,0,0,0,0,0,0,6,1,0,0,0,0,0,0,0,0,0,0,0,0,0,0,0,0,0,0,0,0,0,0,0,0,1,0,0,0,0,0,0,0,0,0,0,0,0,0,0,1,0,0,0,0,0,0,0,0,0,0,0,0,1,1,0,0,0,0,0,0,0,0,0,0,0,0,0,0,0,0,0,0,0,0,0,0,1,0,0,0,1,0,0,0,0,0,0,0,0,0,0,0,0,0,0,0,0,0,0,0,0,0,0,0,0,0,0,0,0,0,0,1,0,0,0,0,0,0,0,0,0
89,Falsification et usages de chèques volés,0,0,129,6,7,42,38,61,10,113,16,125,14,7,0,0,2,27,0,0,0,0,0,0,156,40,12,64,33,14,4,9,7,56,0,25,1,232,0,0,90,17,11,7,29,0,0,0,0,0,0,0,0,0,0,391,3,180,32,8,48,34,70,42,3,548,577,483,530,0,148,1,58,45,79,39,84,22,191,36,67,128,56,31,0,27,2,21,1,0,0,339,12,27,189,3,0,29,48,0,0,0,179,64,91,0,234,19,23,11,31,93,77,47,97,16,60,111,0,0,0,0,156,0,0,0,0,4,0,0,0,0,258,47,55,0,0,0,0,0,928,24,34,0,0,0,0,0,883,17,0,0,0,0,127,23,36,26,0,0,0,0,0,0,0,171,18,135,38,0,157,0,0,0,262,17,33,32,34,34,33,7,65,12,0,0,200,199,29,41,18,0,0,0,539,10,13,0,0,0,354,58,20,22,42,15,0,229,20,77,0,0,14,13,33,29,0,114,80,18,16,20,70,0,0,0,0,305,4,6,0,19,0,60,11,0,13,44,149,157,0,0,0,0,0,0,106,0,6,25,9,46,31,126,0,0,0,0,0,0,0,0,19,280,27,97,204,43,34,993,121,345,0,0,0,52,6,45,100,4,9,0,0,0,0,0,4,33,1,6,49,294,33,82,235,95,0,44,19,0,0,0,0,135,0,2,42,0,0,0,0,0,0,85,72,1,13,9,92,0,0,0,0,0,0,0,107,0,0,0,0,0,2,585,10,14,0,0,0,11,45,3,10,1,0,0,0,4,0,0,0,0,4,30,66,48,9,1846,13,2,0,38,117,6,4,139,0,0,0,10,6,100,0,0,0,0,43,34,17,0,0,0,0,0,0,3,9,0,0,0,0,0,0,0,0,0,0,0,0,0,0,0,57,0,0,364,756,648,257,488,665,1547,844,1084,170,227,294,308,1065,1400,422,1819,817,431,0,0,0,0,0,0,0,0,0,0,0,156,2,124,5,179,0,0,0,107,163,54,0,19,64,46,74,16,7,2,154,203,1,69,0,0,0,558,364,0,311,47,0,79,0,30,137,81,337,0,0,0,0,29,38,0,23,737,46,9,7,25,66,137,0,0,0,0,185,2,148,68,29,44,0,0,19,13,9,132,74,31,0,65,33,0,1,157,7,7,0,90,49,10,0,0,33,5,25,27,110,16,17,30,23,1,10,22,15,270,0,0,0,0,0,0,0,0,0,0,0,0,0,0,0,0,259,259,75,705,48,61,128,109,190,84,407,247,190,443,189,134,160,387,67,523,121,93,196,0,91,20,0,0,0,0,0,127,176,164,97,137,36,22,79,102,129,63,35,195,73,21,60,118,25,42,159,155,0,19,0,1,0,0,0,28,156,111,66,100,22,1088,40,11,191,93,92,125,424,0,44,233,81,0,0,0,0,45,197,460,0,0,65,212,219,332,0,0,0,0,0,0,1,0,0,27,0,230,0,0,0,53,24,0,0,0,0,34,0,0,0,22,74,9,243,0,0,17,0,0,244,0,0,240
90,Falsification et usages de cartes de crédit,0,0,58,22,17,9,37,38,14,38,21,28,22,11,0,0,2,39,0,0,0,0,0,5,761,123,90,53,69,53,17,9,3,38,7,11,5,148,0,0,71,80,6,14,15,2,0,0,0,2,0,0,0,0,1,357,4,97,55,9,65,69,141,67,9,656,349,590,6,0,228,20,22,6,18,13,65,26,106,8,48,23,71,13,0,39,9,4,0,0,1,322,20,19,145,10,0,12,84,0,0,0,215,11,55,0,103,54,55,32,24,80,79,34,337,19,32,56,0,0,0,0,14,0,0,0,0,0,0,0,0,0,208,35,5,0,0,0,1,0,1498,7,28,1,0,0,0,0,1258,54,0,0,0,7,902,43,107,97,0,0,0,0,0,0,1,614,34,57,54,10,411,0,0,0,550,40,32,34,43,23,64,55,67,15,0,0,275,21,40,78,22,0,0,0,1214,84,88,0,0,0,346,35,10,78,24,8,0,283,43,29,0,0,30,7,22,28,0,233,74,23,18,23,90,0,0,0,0,353,13,4,14,19,8,12,22,0,19,21,139,47,1,0,0,0,0,0,182,10,10,9,13,85,11,42,0,1,0,0,0,0,0,0,34,111,62,55,201,5,38,1044,241,177,0,0,0,67,45,57,26,6,6,0,0,0,0,0,77,14,0,5,46,64,27,69,247,5,13,29,7,0,0,0,0,333,2,3,16,0,0,0,0,0,0,134,155,66,32,11,70,0,0,0,0,0,0,0,188,0,0,0,0,0,0,321,13,8,0,0,0,104,53,10,16,3,0,0,0,2,0,0,0,0,30,44,1,1,3,3022,0,12,0,32,67,17,13,296,0,0,0,23,7,113,0,0,0,0,58,50,41,2,0,0,0,0,0,2,2,2,0,0,0,0,0,2,0,0,0,0,0,10,0,0,153,0,0,276,304,338,149,490,228,475,519,521,713,457,391,613,700,607,707,707,513,692,0,8,0,0,0,0,0,0,0,0,13,589,17,22,17,326,0,0,0,144,100,60,31,45,70,52,120,39,12,14,82,108,5,77,0,0,0,255,177,0,230,86,0,84,0,47,158,61,248,0,0,0,0,65,2,0,24,224,46,14,50,8,9,73,0,0,0,0,281,9,108,36,73,56,0,0,44,12,27,171,67,28,0,156,30,0,0,196,62,5,12,63,44,82,0,0,77,31,43,78,62,132,68,101,45,94,60,103,11,130,0,0,0,0,0,4,0,0,0,0,0,0,0,0,0,0,155,223,81,355,113,122,183,92,120,59,170,173,54,209,78,185,134,115,101,104,80,116,91,1,172,46,0,0,0,0,0,107,181,116,63,25,110,30,39,76,73,106,64,204,41,72,72,77,100,44,107,58,0,62,0,3,0,0,0,33,90,80,74,93,88,181,39,141,211,124,109,101,100,27,91,203,102,0,0,0,0,24,194,259,0,0,81,168,231,168,0,0,0,0,0,0,1,0,1,11,3,38,0,1,0,42,18,0,0,0,0,59,0,0,0,17,41,7,45,0,0,7,0,0,16,1,0,18
91,Escroqueries et abus de confiance,1,0,293,62,101,122,102,294,52,201,156,249,60,108,1,0,30,120,3,15,0,0,0,43,1421,397,373,678,152,119,39,70,44,196,74,88,84,733,0,0,224,178,69,89,104,119,0,5,0,28,1,3,0,0,14,560,235,245,185,46,366,152,409,345,121,1195,783,1125,131,2,740,148,48,45,191,129,381,150,239,115,176,136,387,171,0,298,60,19,1,0,61,686,99,43,354,55,2,76,215,0,0,6,622,78,431,0,505,131,185,197,210,387,418,243,504,84,69,371,0,4,0,11,204,0,1,1,0,189,1,0,1,2,648,279,117,3,0,0,21,50,2580,93,100,220,0,2,6,53,2177,144,30,3,0,29,1482,149,336,192,0,2,0,0,0,0,65,911,77,260,205,22,1005,0,0,22,1033,144,146,95,162,115,141,108,375,89,0,1,952,358,166,195,166,7,6,2,1615,92,393,0,0,27,1294,310,130,247,113,43,34,852,191,106,1,36,222,42,115,118,14,932,309,162,126,83,301,3,2,0,95,1355,46,50,47,199,54,55,53,3,108,92,499,175,1,0,0,0,15,2,684,156,92,38,48,361,154,158,7,53,0,0,0,1,0,13,159,657,458,306,961,42,160,2564,656,403,0,6,132,204,179,150,135,67,52,0,0,0,2,0,372,60,12,43,263,348,68,289,923,71,92,178,34,0,0,0,50,797,8,10,101,3,3,9,14,25,14,460,298,155,132,49,309,0,2,0,0,8,3,9,475,2,21,6,5,0,98,1515,124,110,2,3,0,418,257,75,76,7,0,1,0,20,3,0,0,20,147,284,4,62,26,4516,9,149,2,328,178,119,93,1057,0,4,0,111,109,306,0,0,4,15,207,256,187,4,0,4,0,0,0,10,15,10,0,314,47,11,0,8,1,22,2,0,60,412,21,0,357,0,0,331,210,253,216,667,335,694,446,556,506,464,711,550,967,719,1188,625,617,904,0,7,0,3,0,0,0,1,0,0,147,1404,85,190,76,757,26,4,2,481,364,298,82,164,222,335,538,168,73,144,386,327,48,302,1,8,84,1081,606,2,814,392,0,420,0,128,434,382,676,0,0,0,2,234,41,12,134,627,215,25,133,62,56,275,24,0,0,2,1236,179,448,211,199,193,28,2,196,113,125,515,162,161,22,640,196,1,54,626,179,55,93,193,228,298,0,4,201,174,98,122,160,397,154,244,85,367,182,213,107,373,3,5,0,13,4,126,2,54,0,0,2,0,3,0,0,23,294,350,152,407,268,350,575,249,310,241,235,297,98,319,163,261,465,241,170,312,189,154,179,3,257,74,0,1,0,0,2,346,425,384,328,226,195,211,150,230,192,342,260,363,172,352,239,122,245,163,524,223,1,277,2,77,0,0,16,224,598,288,129,237,196,458,154,252,735,466,197,204,292,32,232,221,240,0,6,0,0,451,513,883,0,0,241,404,618,394,0,0,1,0,0,0,5,3,14,44,19,295,0,10,0,202,104,2,1,0,0,230,0,0,0,109,205,73,371,15,48,118,0,2,134,1,0,176
92,Infractions à la législation sur les chèques,0,0,1,0,0,0,1,1,0,2,1,1,0,0,0,0,0,0,0,0,0,0,0,0,4,12,0,1,0,0,0,0,0,1,0,0,0,7,0,0,11,0,13,0,1,0,0,0,0,0,0,0,0,0,0,3,2,5,0,0,2,0,3,1,1,6,1,1,4,0,7,1,0,0,4,0,3,8,0,0,4,2,2,0,0,0,13,1,0,0,0,6,0,3,5,0,0,4,0,0,0,0,29,0,6,0,0,0,0,1,6,2,3,4,5,0,13,16,0,0,0,0,4,0,0,0,0,26,0,0,0,0,0,2,0,0,0,0,0,0,40,1,5,1,0,0,0,0,20,7,0,0,0,0,12,0,14,1,0,0,0,0,0,0,0,1,1,3,3,0,6,0,0,0,2,0,0,4,0,1,7,1,1,0,0,0,13,23,0,6,1,0,0,0,9,1,11,0,0,0,0,0,3,2,1,1,0,15,1,3,0,0,7,0,0,4,0,2,2,0,3,0,3,0,0,0,0,6,0,1,0,5,0,0,0,0,3,2,1,0,0,0,0,0,0,0,0,11,0,0,0,2,0,0,0,0,0,0,0,0,0,0,1,24,2,1,10,0,1,4,21,1,0,0,0,0,0,1,9,2,5,0,0,0,0,0,2,0,0,1,2,3,2,4,5,0,0,1,0,0,0,0,0,1,0,0,0,0,0,0,0,0,0,8,3,1,1,0,7,0,0,0,0,0,0,0,7,0,0,0,0,0,0,10,4,0,0,0,0,0,2,0,1,0,0,0,0,0,0,0,0,0,0,1,0,0,0,11,0,1,0,2,0,1,0,2,0,0,0,0,1,0,0,0,0,0,0,1,3,0,0,0,0,0,0,0,0,0,0,0,0,0,0,0,0,0,0,0,0,1,0,0,0,0,0,1,0,0,0,1,0,0,1,1,0,1,2,0,2,1,1,0,1,5,0,0,0,0,0,0,0,0,0,0,0,7,1,1,1,1,0,0,0,3,2,6,0,0,1,0,6,0,0,0,0,2,0,0,0,0,0,13,3,0,4,0,0,1,0,0,0,0,0,0,0,0,0,1,0,0,0,2,1,2,4,19,2,8,0,0,0,0,6,0,2,47,1,1,0,0,0,2,1,4,3,0,0,5,1,0,0,0,1,5,4,0,1,2,0,0,0,1,0,0,0,1,6,0,0,0,0,0,2,0,0,0,0,0,0,0,0,0,0,0,0,0,0,0,0,0,0,2,0,2,1,1,0,0,2,0,0,0,0,0,0,0,0,0,0,1,0,0,0,0,0,0,0,0,0,0,0,1,1,0,1,0,0,0,1,0,0,1,0,0,0,0,0,1,0,0,0,0,0,0,0,0,0,0,0,0,1,0,0,1,0,0,0,0,0,2,0,0,0,0,1,0,0,0,0,0,0,0,3,1,0,0,1,0,1,3,0,0,0,0,0,0,0,0,0,1,0,2,0,0,0,1,2,0,0,0,0,0,0,0,0,0,3,0,0,0,0,0,0,0,2,0,0,20
93,Travail clandestin,38,1,6,6,0,5,1,11,1,3,2,3,2,1,5,0,0,1,18,1,3,5,1,4,43,6,3,21,2,8,3,1,1,3,1,0,0,12,1,106,4,8,3,1,2,0,0,59,0,1,0,0,0,0,2,12,7,1,1,0,16,1,24,9,6,13,67,35,3,10,26,5,2,0,2,2,6,3,6,3,6,0,2,6,0,1,2,0,4,3,2,9,3,2,4,1,0,4,7,10,0,8,15,3,29,0,12,6,2,4,4,4,10,7,21,3,0,3,11,0,0,3,4,12,0,0,0,10,24,0,0,0,11,3,1,34,0,0,3,8,42,1,0,1,0,31,9,2,40,0,35,25,1,1,51,2,14,2,0,22,0,0,0,1,0,19,1,13,2,4,12,0,13,0,19,11,3,1,0,11,1,1,4,3,0,0,42,7,1,7,2,27,0,0,11,0,0,14,0,0,28,4,4,8,0,0,0,6,6,0,5,0,1,0,0,0,3,12,3,1,1,0,8,1,8,5,3,13,2,1,1,6,1,0,1,0,1,0,19,1,0,0,6,6,0,9,10,4,1,1,4,10,2,1,0,0,0,51,0,0,2,2,2,13,19,4,25,0,4,64,32,12,7,5,1,5,2,19,2,2,6,14,0,0,0,0,3,0,0,2,6,1,0,4,46,1,4,5,0,4,0,1,5,23,0,0,3,7,0,0,4,0,1,5,3,1,0,3,9,0,27,0,2,0,1,1,21,2,12,0,0,0,5,54,1,2,4,0,0,15,1,0,0,1,0,16,0,3,17,0,0,0,6,2,0,1,0,119,0,2,0,10,1,0,3,4,0,11,0,0,3,5,13,0,1,0,17,9,3,0,0,383,0,0,0,1,1,3,0,0,78,5,0,2,0,3,0,0,3,0,0,0,0,74,269,0,1,4,3,16,7,14,5,30,4,13,4,16,7,2,6,35,10,2,0,0,0,0,2,5,0,3,7,2,4,29,1,5,1,5,1,46,1,10,12,18,1,11,12,6,12,3,1,8,7,7,1,12,0,37,10,28,22,0,51,16,0,12,0,17,15,25,44,0,0,0,0,0,1,1,1,14,1,3,1,1,0,1,7,18,0,0,29,6,42,3,2,13,48,0,8,6,2,15,1,0,1,4,12,5,0,23,1,0,1,1,4,2,1,34,2,5,0,2,1,15,2,7,3,6,6,4,8,5,0,0,0,1,2,0,0,0,1,0,0,0,0,0,0,2,1,3,4,1,7,5,10,8,2,4,1,0,2,2,1,3,8,2,8,5,2,2,2,0,6,1,0,0,0,2,1,3,7,3,11,4,6,1,2,20,0,3,3,5,2,3,13,16,6,0,13,6,0,16,147,39,3,0,3,3,0,14,1,5,3,9,1,3,5,7,5,6,1,26,2,0,0,42,1,1,224,39,23,17,0,0,5,10,5,1,0,1,55,0,10,0,0,11,5,2,12,21,89,0,0,1,0,87,52,17,58,12,6,0,0,0,14,3,6,60,0,2,1,0,2,74,0,1
94,Emploi d'étranger sans titre de travail,47,1,1,1,0,2,0,2,0,0,0,2,0,0,10,0,0,0,13,0,4,4,3,0,8,0,0,1,0,2,0,0,0,0,0,0,0,5,1,0,0,1,0,0,0,0,0,62,0,0,0,0,0,0,0,0,0,0,0,0,0,0,0,0,0,0,4,0,0,22,1,0,1,0,0,0,1,0,0,1,0,0,0,0,0,0,0,0,11,1,0,0,0,1,0,0,0,0,0,11,0,5,1,0,1,0,0,4,0,0,0,0,3,0,8,0,0,0,37,0,0,0,0,25,0,0,0,0,43,0,0,0,0,0,0,54,0,0,0,0,3,0,0,0,0,31,9,0,1,0,61,28,1,0,1,0,0,0,0,32,0,0,0,1,0,1,0,0,0,0,8,0,11,0,2,0,1,0,0,0,0,0,0,0,0,0,2,3,0,0,1,44,0,0,0,0,0,25,0,0,0,0,0,1,0,0,0,0,0,0,6,0,0,0,0,0,0,1,0,0,0,0,0,0,11,7,0,0,0,0,0,0,1,0,0,0,0,0,1,0,0,0,15,4,0,10,1,0,0,0,0,0,0,0,0,0,0,84,0,0,9,0,2,1,1,1,1,0,0,2,2,1,8,11,0,1,0,2,1,0,0,13,0,0,1,0,0,0,0,0,0,0,0,0,1,0,0,0,0,2,0,1,0,1,0,0,0,8,0,0,10,0,0,0,0,0,0,0,0,0,28,0,1,0,1,0,0,1,14,0,0,0,0,1,0,0,9,0,0,1,0,0,0,0,0,12,0,1,20,0,0,0,0,0,0,0,0,11,0,1,0,0,0,0,0,0,1,12,0,0,0,0,23,0,2,0,3,2,0,0,0,1,0,0,0,0,0,0,0,0,2,0,0,0,0,0,0,0,0,0,0,0,0,51,76,0,0,7,0,5,0,2,1,22,0,0,3,11,1,0,0,28,4,1,0,0,0,0,0,4,0,3,6,0,0,2,0,0,0,0,0,68,1,5,2,0,0,0,1,1,1,0,1,0,0,2,0,2,0,60,0,3,6,0,18,3,0,2,0,0,2,3,20,0,0,0,0,0,0,0,0,2,0,0,0,0,0,0,1,63,0,0,1,0,1,0,0,1,62,0,1,0,0,0,0,0,0,1,0,10,0,1,1,0,0,0,0,0,0,36,0,0,0,1,0,6,0,0,3,3,0,1,5,0,0,0,0,0,0,0,0,0,1,0,0,0,0,0,0,0,2,0,1,0,2,1,1,1,1,0,2,0,1,0,1,0,0,1,3,2,0,0,2,0,1,0,0,0,0,0,0,1,1,0,0,0,1,2,1,8,0,2,1,3,0,1,4,8,1,0,0,1,0,1,108,0,0,0,0,4,0,0,0,0,4,1,0,0,3,2,0,0,0,11,1,0,0,12,0,1,296,0,3,1,0,0,0,0,2,1,0,0,52,0,11,0,0,14,0,0,0,0,81,0,0,0,0,53,45,5,22,1,6,0,0,0,0,0,0,46,0,0,13,0,0,8,0,0
95,Marchandage - prêt de main d'oeuvre,2,0,0,0,0,0,0,0,0,0,0,0,0,0,0,0,0,0,0,0,1,0,0,0,0,0,0,0,0,0,0,0,0,0,0,0,0,0,0,0,0,0,0,0,0,0,0,0,0,0,0,0,0,0,0,1,0,0,0,0,0,0,0,1,0,0,0,0,0,0,0,0,0,0,0,0,0,0,0,0,0,0,0,0,0,0,0,0,0,0,0,0,0,0,0,0,0,0,0,0,0,1,0,0,0,0,0,0,0,0,0,0,0,0,0,0,0,0,0,0,0,0,0,2,0,0,0,0,2,0,0,0,0,0,0,0,0,0,0,0,1,0,0,0,0,2,0,0,0,0,1,2,0,0,0,0,0,0,0,0,0,0,0,0,0,0,0,0,0,0,0,0,0,0,0,0,0,0,0,0,0,0,0,0,0,0,0,0,0,0,0,0,0,0,0,0,0,0,0,0,0,0,1,0,0,0,0,0,0,0,0,0,0,0,0,0,0,0,0,0,0,0,0,0,0,1,0,0,0,0,0,0,0,0,0,0,0,0,0,0,0,0,0,0,0,0,0,0,0,0,0,1,0,0,0,0,0,0,0,0,0,0,0,1,0,0,0,0,0,0,0,0,0,0,0,0,0,0,0,0,0,1,0,0,0,0,0,0,0,0,0,0,0,0,2,0,0,0,0,0,0,0,0,1,0,0,0,1,0,0,0,0,0,0,0,0,0,0,0,0,2,0,0,0,0,0,1,0,0,0,0,0,0,2,0,0,0,0,0,0,0,0,0,0,0,0,0,0,0,0,0,0,0,0,0,0,0,0,0,0,0,0,0,0,0,0,0,0,0,0,0,0,0,0,0,0,0,0,0,0,0,0,0,0,0,0,0,0,0,0,5,0,0,0,0,0,0,0,0,0,0,0,0,0,0,0,0,0,0,0,0,1,0,0,0,0,0,0,1,0,0,0,0,0,0,0,0,0,0,0,0,0,0,0,1,0,0,0,0,0,0,0,0,0,1,0,0,0,0,0,0,0,0,0,0,0,0,0,0,0,1,1,1,0,0,0,0,0,0,0,0,0,1,0,0,0,0,0,0,0,0,0,0,0,0,0,0,0,0,0,0,0,0,0,0,0,0,0,1,0,0,0,0,0,0,0,0,0,0,0,0,0,0,0,0,0,0,0,0,1,0,0,0,0,0,0,0,0,0,0,0,0,0,0,0,0,0,0,0,0,0,0,0,0,0,0,0,0,0,0,0,0,0,0,0,0,0,0,0,0,0,0,0,0,0,0,0,0,0,0,0,0,0,0,0,0,0,0,0,0,0,0,0,0,0,0,0,0,0,0,0,0,0,0,0,0,0,1,0,0,0,0,0,0,0,0,0,0,0,0,0,0,0,0,0,0,0,0,0,0,0,0,0,3,0,0,0,2,0,0,0,0,1,0,0,0,0,0,0,0,0,0,0,0,0,0,0,0,1,0,0,0,0,0,0,0,0,1,0,0,0,0,0,0,0,0,0,0,0,0,0,0,0,0,0,0,0,0
96,Index non utilisé,0,0,0,0,0,0,0,0,0,0,0,0,0,0,0,0,0,0,0,0,0,0,0,0,0,0,0,0,0,0,0,0,0,0,0,0,0,0,0,0,0,0,0,0,0,0,0,0,0,0,0,0,0,0,0,0,0,0,0,0,0,0,0,0,0,0,0,0,0,0,0,0,0,0,0,0,0,0,0,0,0,0,0,0,0,0,0,0,0,0,0,0,0,0,0,0,0,0,0,0,0,0,0,0,0,0,0,0,0,0,0,0,0,0,0,0,0,0,0,0,0,0,0,0,0,0,0,0,0,0,0,0,0,0,0,0,0,0,0,0,0,0,0,0,0,0,0,0,0,0,0,0,0,0,0,0,0,0,0,0,0,0,0,0,0,0,0,0,0,0,0,0,0,0,0,0,0,0,0,0,0,0,0,0,0,0,0,0,0,0,0,0,0,0,0,0,0,0,0,0,0,0,0,0,0,0,0,0,0,0,0,0,0,0,0,0,0,0,0,0,0,0,0,0,0,0,0,0,0,0,0,0,0,0,0,0,0,0,0,0,0,0,0,0,0,0,0,0,0,0,0,0,0,0,0,0,0,0,0,0,0,0,0,0,0,0,0,0,0,0,0,0,0,0,0,0,0,0,0,0,0,0,0,0,0,0,0,0,0,0,0,0,0,0,0,0,0,0,0,0,0,0,0,0,0,0,0,0,0,0,0,0,0,0,0,0,0,0,0,0,0,0,0,0,0,0,0,0,0,0,0,0,0,0,0,0,0,0,0,0,0,0,0,0,0,0,0,0,0,0,0,0,0,0,0,0,0,0,0,0,0,0,0,0,0,0,0,0,0,0,0,0,0,0,0,0,0,0,0,0,0,0,0,0,0,0,0,0,0,0,0,0,0,0,0,0,0,0,0,0,0,0,0,0,0,0,0,0,0,0,0,0,0,0,0,0,0,0,0,0,0,0,0,0,0,0,0,0,0,0,0,0,0,0,0,0,0,0,0,0,0,0,0,0,0,0,0,0,0,0,0,0,0,0,0,0,0,0,0,0,0,0,0,0,0,0,0,0,0,0,0,0,0,0,0,0,0,0,0,0,0,0,0,0,0,0,0,0,0,0,0,0,0,0,0,0,0,0,0,0,0,0,0,0,0,0,0,0,0,0,0,0,0,0,0,0,0,0,0,0,0,0,0,0,0,0,0,0,0,0,0,0,0,0,0,0,0,0,0,0,0,0,0,0,0,0,0,0,0,0,0,0,0,0,0,0,0,0,0,0,0,0,0,0,0,0,0,0,0,0,0,0,0,0,0,0,0,0,0,0,0,0,0,0,0,0,0,0,0,0,0,0,0,0,0,0,0,0,0,0,0,0,0,0,0,0,0,0,0,0,0,0,0,0,0,0,0,0,0,0,0,0,0,0,0,0,0,0,0,0,0,0,0,0,0,0,0,0,0,0,0,0,0,0,0,0,0,0,0,0,0,0,0,0,0,0,0,0,0,0,0,0,0,0,0,0,0,0,0,0,0,0,0,0,0,0,0,0
97,Index non utilisé,0,0,0,0,0,0,0,0,0,0,0,0,0,0,0,0,0,0,0,0,0,0,0,0,0,0,0,0,0,0,0,0,0,0,0,0,0,0,0,0,0,0,0,0,0,0,0,0,0,0,0,0,0,0,0,0,0,0,0,0,0,0,0,0,0,0,0,0,0,0,0,0,0,0,0,0,0,0,0,0,0,0,0,0,0,0,0,0,0,0,0,0,0,0,0,0,0,0,0,0,0,0,0,0,0,0,0,0,0,0,0,0,0,0,0,0,0,0,0,0,0,0,0,0,0,0,0,0,0,0,0,0,0,0,0,0,0,0,0,0,0,0,0,0,0,0,0,0,0,0,0,0,0,0,0,0,0,0,0,0,0,0,0,0,0,0,0,0,0,0,0,0,0,0,0,0,0,0,0,0,0,0,0,0,0,0,0,0,0,0,0,0,0,0,0,0,0,0,0,0,0,0,0,0,0,0,0,0,0,0,0,0,0,0,0,0,0,0,0,0,0,0,0,0,0,0,0,0,0,0,0,0,0,0,0,0,0,0,0,0,0,0,0,0,0,0,0,0,0,0,0,0,0,0,0,0,0,0,0,0,0,0,0,0,0,0,0,0,0,0,0,0,0,0,0,0,0,0,0,0,0,0,0,0,0,0,0,0,0,0,0,0,0,0,0,0,0,0,0,0,0,0,0,0,0,0,0,0,0,0,0,0,0,0,0,0,0,0,0,0,0,0,0,0,0,0,0,0,0,0,0,0,0,0,0,0,0,0,0,0,0,0,0,0,0,0,0,0,0,0,0,0,0,0,0,0,0,0,0,0,0,0,0,0,0,0,0,0,0,0,0,0,0,0,0,0,0,0,0,0,0,0,0,0,0,0,0,0,0,0,0,0,0,0,0,0,0,0,0,0,0,0,0,0,0,0,0,0,0,0,0,0,0,0,0,0,0,0,0,0,0,0,0,0,0,0,0,0,0,0,0,0,0,0,0,0,0,0,0,0,0,0,0,0,0,0,0,0,0,0,0,0,0,0,0,0,0,0,0,0,0,0,0,0,0,0,0,0,0,0,0,0,0,0,0,0,0,0,0,0,0,0,0,0,0,0,0,0,0,0,0,0,0,0,0,0,0,0,0,0,0,0,0,0,0,0,0,0,0,0,0,0,0,0,0,0,0,0,0,0,0,0,0,0,0,0,0,0,0,0,0,0,0,0,0,0,0,0,0,0,0,0,0,0,0,0,0,0,0,0,0,0,0,0,0,0,0,0,0,0,0,0,0,0,0,0,0,0,0,0,0,0,0,0,0,0,0,0,0,0,0,0,0,0,0,0,0,0,0,0,0,0,0,0,0,0,0,0,0,0,0,0,0,0,0,0,0,0,0,0,0,0,0,0,0,0,0,0,0,0,0,0,0,0,0,0,0,0,0,0,0,0,0,0,0,0,0,0,0,0,0,0,0,0,0,0,0,0,0,0,0,0,0,0,0,0,0,0,0,0,0,0,0,0,0,0,0,0,0,0,0,0,0,0,0,0,0,0
98,"Banqueroutes, abus de biens sociaux et autres délits de société",0,0,1,0,0,0,0,0,0,0,3,1,1,0,0,0,0,0,0,0,0,0,0,7,5,1,4,0,0,0,0,1,0,0,0,0,0,0,0,0,1,6,0,0,0,0,0,0,0,0,0,0,0,0,11,11,1,0,0,1,0,0,2,0,0,2,1,3,3,0,2,0,0,0,0,1,0,0,1,0,2,0,3,1,0,0,0,0,2,0,9,3,1,0,0,0,1,0,0,0,0,0,4,0,6,0,3,0,0,0,0,0,6,0,2,1,0,1,0,0,0,11,0,1,0,0,0,0,1,0,0,0,0,1,0,0,0,0,0,16,8,0,0,0,0,0,0,4,7,0,0,1,0,5,20,2,2,0,0,0,0,0,0,0,20,1,0,2,0,2,6,0,2,3,24,1,2,1,0,0,1,0,0,2,0,1,9,6,1,2,0,0,0,0,5,2,0,0,0,1,8,2,0,1,0,0,7,4,3,1,0,0,0,0,0,0,3,4,1,0,0,0,2,0,0,0,4,16,1,0,0,1,0,0,0,0,0,1,3,2,0,0,0,0,0,0,1,0,6,0,3,5,1,0,0,0,0,0,0,0,0,6,1,1,2,1,11,0,0,15,0,4,0,0,0,1,0,0,0,1,1,0,0,0,0,0,1,0,0,0,0,2,0,1,8,0,0,0,0,0,0,0,14,0,0,0,1,1,0,0,0,5,2,1,0,0,1,0,8,0,0,0,0,0,0,1,3,0,0,0,0,0,8,13,3,0,0,0,0,3,2,0,1,0,0,2,0,0,1,0,0,5,1,0,0,0,0,18,0,1,1,1,0,1,1,1,0,0,0,0,1,0,0,0,0,2,1,1,4,0,0,0,0,0,0,1,0,0,0,4,15,9,0,0,0,7,0,0,46,1,0,0,0,3,2,0,1,0,1,0,0,1,0,1,1,0,0,1,0,1,0,1,0,0,0,0,0,0,0,0,0,0,0,2,12,1,1,0,0,0,0,2,0,3,0,1,0,0,0,0,4,0,0,0,0,1,0,1,0,0,16,5,6,0,3,1,0,2,0,2,0,2,3,0,0,0,0,0,0,2,0,5,1,0,2,3,0,2,0,0,0,2,4,2,3,1,1,0,0,0,1,0,1,3,1,0,2,0,2,0,4,3,0,0,0,0,1,4,0,1,3,0,0,0,0,0,0,0,1,1,0,1,5,0,0,0,1,1,18,0,0,2,0,0,0,0,0,0,0,12,0,0,0,0,0,0,0,0,0,0,0,0,0,0,0,0,0,0,0,0,0,0,0,0,0,1,0,0,0,0,1,1,0,2,0,0,1,2,1,0,0,1,0,0,0,0,1,2,1,1,1,1,0,1,0,1,0,0,2,0,0,1,0,0,0,1,0,0,0,0,1,3,1,5,1,0,0,4,0,0,0,0,5,1,0,0,1,2,0,1,0,0,0,0,0,0,0,0,12,0,0,2,0,0,0,0,1,0,0,0,0,0,0,0,0,0,3,0,4,0,0,2,0,0,3,0,0,9
99,Index non utilisé,0,0,0,0,0,0,0,0,0,0,0,0,0,0,0,0,0,0,0,0,0,0,0,0,0,0,0,0,0,0,0,0,0,0,0,0,0,0,0,0,0,0,0,0,0,0,0,0,0,0,0,0,0,0,0,0,0,0,0,0,0,0,0,0,0,0,0,0,0,0,0,0,0,0,0,0,0,0,0,0,0,0,0,0,0,0,0,0,0,0,0,0,0,0,0,0,0,0,0,0,0,0,0,0,0,0,0,0,0,0,0,0,0,0,0,0,0,0,0,0,0,0,0,0,0,0,0,0,0,0,0,0,0,0,0,0,0,0,0,0,0,0,0,0,0,0,0,0,0,0,0,0,0,0,0,0,0,0,0,0,0,0,0,0,0,0,0,0,0,0,0,0,0,0,0,0,0,0,0,0,0,0,0,0,0,0,0,0,0,0,0,0,0,0,0,0,0,0,0,0,0,0,0,0,0,0,0,0,0,0,0,0,0,0,0,0,0,0,0,0,0,0,0,0,0,0,0,0,0,0,0,0,0,0,0,0,0,0,0,0,0,0,0,0,0,0,0,0,0,0,0,0,0,0,0,0,0,0,0,0,0,0,0,0,0,0,0,0,0,0,0,0,0,0,0,0,0,0,0,0,0,0,0,0,0,0,0,0,0,0,0,0,0,0,0,0,0,0,0,0,0,0,0,0,0,0,0,0,0,0,0,0,0,0,0,0,0,0,0,0,0,0,0,0,0,0,0,0,0,0,0,0,0,0,0,0,0,0,0,0,0,0,0,0,0,0,0,0,0,0,0,0,0,0,0,0,0,0,0,0,0,0,0,0,0,0,0,0,0,0,0,0,0,0,0,0,0,0,0,0,0,0,0,0,0,0,0,0,0,0,0,0,0,0,0,0,0,0,0,0,0,0,0,0,0,0,0,0,0,0,0,0,0,0,0,0,0,0,0,0,0,0,0,0,0,0,0,0,0,0,0,0,0,0,0,0,0,0,0,0,0,0,0,0,0,0,0,0,0,0,0,0,0,0,0,0,0,0,0,0,0,0,0,0,0,0,0,0,0,0,0,0,0,0,0,0,0,0,0,0,0,0,0,0,0,0,0,0,0,0,0,0,0,0,0,0,0,0,0,0,0,0,0,0,0,0,0,0,0,0,0,0,0,0,0,0,0,0,0,0,0,0,0,0,0,0,0,0,0,0,0,0,0,0,0,0,0,0,0,0,0,0,0,0,0,0,0,0,0,0,0,0,0,0,0,0,0,0,0,0,0,0,0,0,0,0,0,0,0,0,0,0,0,0,0,0,0,0,0,0,0,0,0,0,0,0,0,0,0,0,0,0,0,0,0,0,0,0,0,0,0,0,0,0,0,0,0,0,0,0,0,0,0,0,0,0,0,0,0,0,0,0,0,0,0,0,0,0,0,0,0,0,0,0,0,0,0,0,0,0,0,0,0,0,0,0,0,0,0,0,0,0,0,0,0,0,0,0,0,0,0,0,0,0,0,0,0,0,0,0,0,0,0,0,0,0,0,0
100,Index non utilisé,0,0,0,0,0,0,0,0,0,0,0,0,0,0,0,0,0,0,0,0,0,0,0,0,0,0,0,0,0,0,0,0,0,0,0,0,0,0,0,0,0,0,0,0,0,0,0,0,0,0,0,0,0,0,0,0,0,0,0,0,0,0,0,0,0,0,0,0,0,0,0,0,0,0,0,0,0,0,0,0,0,0,0,0,0,0,0,0,0,0,0,0,0,0,0,0,0,0,0,0,0,0,0,0,0,0,0,0,0,0,0,0,0,0,0,0,0,0,0,0,0,0,0,0,0,0,0,0,0,0,0,0,0,0,0,0,0,0,0,0,0,0,0,0,0,0,0,0,0,0,0,0,0,0,0,0,0,0,0,0,0,0,0,0,0,0,0,0,0,0,0,0,0,0,0,0,0,0,0,0,0,0,0,0,0,0,0,0,0,0,0,0,0,0,0,0,0,0,0,0,0,0,0,0,0,0,0,0,0,0,0,0,0,0,0,0,0,0,0,0,0,0,0,0,0,0,0,0,0,0,0,0,0,0,0,0,0,0,0,0,0,0,0,0,0,0,0,0,0,0,0,0,0,0,0,0,0,0,0,0,0,0,0,0,0,0,0,0,0,0,0,0,0,0,0,0,0,0,0,0,0,0,0,0,0,0,0,0,0,0,0,0,0,0,0,0,0,0,0,0,0,0,0,0,0,0,0,0,0,0,0,0,0,0,0,0,0,0,0,0,0,0,0,0,0,0,0,0,0,0,0,0,0,0,0,0,0,0,0,0,0,0,0,0,0,0,0,0,0,0,0,0,0,0,0,0,0,0,0,0,0,0,0,0,0,0,0,0,0,0,0,0,0,0,0,0,0,0,0,0,0,0,0,0,0,0,0,0,0,0,0,0,0,0,0,0,0,0,0,0,0,0,0,0,0,0,0,0,0,0,0,0,0,0,0,0,0,0,0,0,0,0,0,0,0,0,0,0,0,0,0,0,0,0,0,0,0,0,0,0,0,0,0,0,0,0,0,0,0,0,0,0,0,0,0,0,0,0,0,0,0,0,0,0,0,0,0,0,0,0,0,0,0,0,0,0,0,0,0,0,0,0,0,0,0,0,0,0,0,0,0,0,0,0,0,0,0,0,0,0,0,0,0,0,0,0,0,0,0,0,0,0,0,0,0,0,0,0,0,0,0,0,0,0,0,0,0,0,0,0,0,0,0,0,0,0,0,0,0,0,0,0,0,0,0,0,0,0,0,0,0,0,0,0,0,0,0,0,0,0,0,0,0,0,0,0,0,0,0,0,0,0,0,0,0,0,0,0,0,0,0,0,0,0,0,0,0,0,0,0,0,0,0,0,0,0,0,0,0,0,0,0,0,0,0,0,0,0,0,0,0,0,0,0,0,0,0,0,0,0,0,0,0,0,0,0,0,0,0,0,0,0,0,0,0,0,0,0,0,0,0,0,0,0,0,0,0,0,0,0,0,0,0,0,0,0,0,0,0,0,0,0,0,0,0,0,0,0,0,0,0,0,0,0,0,0,0,0
101,"Prix illicittes, publicité fausse et infractions aux règles de la concurrence",1,0,1,0,0,1,0,0,0,0,1,1,0,0,0,0,0,0,0,0,0,0,0,1,0,0,0,1,0,0,0,1,0,0,0,0,0,2,0,0,1,0,0,1,0,0,0,0,0,0,0,0,0,0,0,0,0,3,1,0,0,0,1,0,0,4,0,2,0,0,5,0,1,0,1,0,0,0,0,1,0,0,0,0,0,0,0,0,0,0,0,3,2,0,0,0,0,0,1,0,0,0,2,0,1,0,1,0,0,0,0,0,0,0,0,0,0,0,0,0,0,0,0,0,0,0,0,1,0,0,0,0,0,0,0,0,0,0,0,2,11,0,0,4,0,0,0,0,8,0,0,0,0,0,3,0,1,0,0,0,0,0,0,0,1,0,0,1,1,0,1,0,0,0,2,1,0,0,0,0,0,0,1,0,0,0,1,1,0,0,0,0,0,0,1,1,1,0,0,0,1,1,0,2,0,0,0,0,0,0,0,0,1,0,0,0,0,0,0,0,0,0,3,0,0,0,0,5,0,0,0,0,0,0,0,0,1,0,3,0,0,0,0,0,0,0,1,0,0,0,1,1,0,0,0,0,0,0,0,0,0,0,0,1,0,1,4,0,0,5,2,0,0,0,1,0,0,1,0,1,0,0,0,0,0,0,2,0,0,0,0,2,0,1,9,0,1,3,0,0,0,0,0,3,0,1,0,0,0,0,0,0,0,3,3,0,0,0,2,0,0,0,0,0,0,0,2,0,0,0,0,0,0,6,0,1,0,0,0,0,0,0,0,0,0,0,0,0,0,0,0,0,0,1,0,0,0,20,0,0,0,1,0,0,2,2,0,0,0,0,0,0,0,0,0,0,0,0,2,0,0,0,0,0,1,0,0,0,0,2,0,7,0,0,0,0,0,0,0,0,0,0,0,0,0,0,0,0,1,14,0,0,1,0,0,1,0,0,2,1,1,1,1,0,0,0,0,1,0,0,0,0,0,0,0,1,0,0,0,0,0,0,0,0,0,0,0,2,0,0,3,0,0,0,0,1,0,0,0,0,0,1,0,0,4,1,0,0,0,1,1,1,2,0,0,0,0,0,0,0,0,1,0,1,0,1,0,0,3,0,0,0,2,0,2,0,0,0,0,0,0,0,0,0,0,0,0,2,1,0,0,0,0,1,0,0,1,2,0,0,2,0,1,0,0,0,0,0,1,0,0,0,2,0,0,1,0,1,1,0,0,0,0,0,0,0,0,0,0,0,1,1,0,1,2,1,0,0,0,0,0,0,0,0,0,1,0,0,0,2,0,0,0,0,0,0,0,0,0,0,0,0,1,0,0,0,0,0,1,0,0,0,0,0,0,1,3,0,0,0,1,0,0,0,0,0,1,0,0,0,0,0,2,1,0,2,0,0,0,0,0,0,0,0,1,0,0,0,0,0,0,1,3,2,0,0,0,2,1,0,0,0,0,0,0,0,0,0,0,0,0,0,0,0,0,1,0,0,0,0,0,0,0,0,0,1,2,0,5,0,0,0,0,0,1,0,0,1
102,Achats et ventes sans factures,0,0,0,1,0,0,0,0,0,0,0,0,1,0,0,0,0,0,0,0,0,0,0,0,0,0,0,0,1,0,0,0,0,0,0,0,0,0,0,0,0,0,0,0,0,0,0,0,0,0,0,0,0,0,0,0,1,0,0,0,0,0,0,0,0,0,0,0,0,0,1,1,0,0,0,0,1,0,0,0,0,0,0,0,0,0,0,0,0,0,0,0,0,0,1,0,0,0,0,0,0,0,0,0,1,0,0,0,0,0,0,0,0,0,0,0,0,0,0,0,0,0,0,0,0,0,0,0,0,0,0,0,0,0,0,0,0,0,0,2,2,0,0,0,0,0,0,0,0,0,0,0,0,0,1,0,0,0,0,0,0,0,0,0,0,0,0,0,0,0,0,0,0,0,0,0,0,0,0,0,0,0,0,0,0,0,0,1,0,0,0,0,0,0,0,0,0,0,0,0,0,1,0,0,0,0,0,0,0,0,0,0,0,0,0,0,0,0,0,0,0,0,0,0,0,0,0,0,0,0,0,0,0,0,0,0,0,0,0,0,0,0,0,0,0,0,0,0,0,0,1,1,0,0,0,0,0,0,0,0,0,0,0,0,0,0,0,0,0,2,1,0,0,0,0,0,0,0,0,0,0,0,0,0,0,0,0,0,0,0,0,0,0,0,1,0,0,0,0,0,0,0,0,0,0,0,0,0,0,0,0,0,0,0,0,0,0,0,0,0,0,0,0,0,0,0,3,0,0,0,0,0,0,2,0,0,0,0,0,0,0,0,0,0,0,0,0,0,0,0,0,0,0,0,0,0,0,0,0,0,0,0,0,0,1,0,0,0,0,0,0,0,0,0,0,0,1,0,1,0,0,0,0,0,0,0,0,0,0,0,1,0,0,0,0,0,0,0,0,0,0,0,0,0,0,0,0,0,0,0,0,0,0,0,0,0,0,0,1,0,1,0,0,0,0,0,0,0,0,0,0,0,0,0,0,0,0,0,0,0,0,0,0,0,0,0,0,0,0,0,0,0,0,0,0,0,0,0,0,0,0,0,0,0,0,0,0,1,0,0,0,0,0,0,0,0,0,0,0,0,0,0,0,0,0,0,0,0,0,0,0,0,0,0,0,1,0,0,0,0,0,0,0,0,0,0,0,0,0,0,0,0,0,0,0,0,0,0,0,0,0,0,0,0,0,0,0,0,0,0,0,0,0,0,0,0,0,0,0,0,0,0,0,0,0,0,0,0,0,0,0,0,0,0,0,0,0,0,0,0,0,0,0,0,0,0,0,0,0,0,0,0,0,0,0,0,0,0,0,0,0,0,0,0,0,0,0,0,0,0,0,0,0,0,0,0,0,0,0,0,0,0,0,0,0,0,0,0,0,0,0,0,0,0,0,1,1,0,0,0,0,0,0,0,0,0,0,0,0,0,0,0,0,0,0,0,0,0,0,0,0,0,0,0,0,0,0,0,0,0,0,0,0,0,0,0,0,0,0,0,0,0,0,0,0,0,0,0,0,0,0,0,0,0,0,0,0,0
103,Infractions à l'exercice d'une profession règlementée,0,0,0,0,0,2,0,0,0,0,1,0,0,0,0,0,0,0,1,3,0,1,0,0,8,2,0,1,0,0,0,0,1,1,1,0,0,0,0,0,0,1,0,2,1,0,0,4,0,2,0,0,0,0,3,1,1,1,0,0,0,0,3,1,0,47,4,7,0,0,1,1,0,0,0,0,1,0,2,0,0,0,1,0,0,0,0,0,0,0,2,1,1,1,0,0,0,0,0,0,0,0,4,0,1,0,3,1,0,0,0,0,3,1,11,0,0,2,0,0,1,0,0,0,0,0,0,0,0,0,0,0,4,4,0,0,0,0,2,2,7,0,1,0,0,0,1,1,13,0,1,1,0,2,2,0,4,0,0,0,0,0,0,0,2,1,0,0,0,0,2,0,0,0,7,1,1,0,0,0,1,1,0,0,0,0,3,3,1,1,0,0,0,0,35,1,0,0,0,0,2,2,2,1,0,0,2,1,1,0,0,0,0,0,0,1,1,2,1,0,0,0,2,0,0,0,2,6,0,0,0,1,0,0,0,0,0,0,0,0,0,0,0,0,0,0,1,0,2,0,1,2,1,0,0,0,1,11,0,0,0,2,0,2,2,1,4,0,1,13,11,4,1,0,0,2,0,0,1,0,0,0,0,0,1,0,2,0,0,0,0,1,0,1,2,0,0,0,0,0,0,0,1,1,0,0,0,0,1,0,0,0,0,1,1,1,0,0,0,0,0,0,0,0,0,0,1,0,1,0,0,0,3,4,0,0,0,0,0,3,0,0,0,0,0,1,0,3,0,0,0,0,1,0,0,1,0,27,0,0,0,1,0,0,0,3,0,0,0,0,0,1,0,0,0,0,6,1,0,1,0,163,0,0,0,0,0,0,0,5,38,3,0,1,0,3,0,0,14,0,0,0,0,1,6,0,1,1,5,5,0,10,0,6,4,2,3,2,5,10,6,5,5,2,0,1,0,0,0,0,0,0,0,0,0,9,0,0,0,0,0,0,1,4,1,1,1,1,1,0,2,0,1,0,0,0,0,0,0,5,3,6,1,0,1,0,0,3,0,1,0,1,1,0,0,0,0,0,0,0,1,4,0,0,0,1,0,0,0,1,0,3,0,0,4,0,0,0,0,0,0,0,0,5,0,0,0,1,2,0,0,1,0,0,0,0,0,3,0,0,0,2,0,0,0,1,0,1,2,0,1,0,3,0,0,0,0,1,0,0,0,3,0,0,0,0,0,0,0,4,0,1,0,2,1,1,1,0,1,0,0,0,0,3,0,1,1,1,0,1,1,1,0,0,0,0,0,0,0,1,0,0,0,0,0,1,0,0,1,0,0,0,1,0,0,0,1,1,0,0,0,0,0,12,0,11,0,0,1,0,0,1,0,1,0,1,0,0,0,3,1,1,2,1,0,0,1,6,3,0,4,12,0,1,0,0,1,0,1,1,0,0,0,0,0,0,0,0,0,0,0,2,0,0,1,0,0,2,3,0,27,7,0,0,0,0,3,0,1,4,0,29,0,0,2,0,0,3
104,Infractions au droit de l'urbanisme et de la construction,0,0,1,0,0,0,0,0,0,2,0,3,1,3,0,0,1,1,0,0,0,0,0,0,24,8,36,1,0,1,0,0,0,0,0,0,0,1,0,0,4,1,0,2,1,0,0,0,0,0,0,0,0,0,0,1,21,6,10,11,2,1,14,1,15,29,0,8,0,0,1,5,1,0,0,1,3,1,0,3,1,2,0,0,0,1,1,0,0,0,0,6,1,0,2,0,0,0,10,0,0,0,4,1,1,0,3,0,0,0,0,1,0,1,0,1,0,1,0,0,0,0,9,0,0,0,0,9,0,0,0,0,0,2,2,0,0,0,0,0,11,1,0,0,0,0,0,0,95,1,0,0,0,0,89,2,4,6,0,0,0,0,0,0,0,13,0,3,5,0,2,0,0,0,2,0,6,1,0,1,0,0,3,1,0,0,3,3,1,1,1,0,0,0,3,4,0,0,0,0,19,2,0,2,1,0,0,1,0,1,0,0,0,0,0,0,0,5,6,1,1,0,4,0,0,0,0,11,1,3,0,2,0,0,0,0,0,0,4,1,0,0,0,0,0,0,4,0,1,0,0,4,4,1,0,0,0,0,0,0,0,0,0,0,3,2,10,0,0,39,1,1,0,0,0,0,0,1,1,0,0,0,0,0,0,0,2,0,1,1,0,2,0,2,20,0,0,3,0,0,0,0,1,1,2,0,1,0,0,0,0,0,0,1,0,1,0,0,3,0,0,0,0,0,0,0,11,0,0,0,0,0,0,7,0,2,0,0,0,2,4,0,2,0,0,0,0,0,0,0,0,0,0,0,0,0,0,2,0,0,0,0,0,0,0,0,0,0,0,0,1,2,0,0,0,0,0,2,2,0,0,0,0,0,0,0,0,0,0,0,0,0,0,0,0,0,0,0,0,0,0,0,0,2,0,0,0,0,2,0,0,2,0,0,0,0,1,0,2,0,0,0,0,0,0,0,0,0,0,0,0,0,0,0,0,1,0,0,2,4,0,0,0,5,12,0,3,0,1,2,5,0,2,1,2,1,1,0,0,0,1,3,15,0,2,2,0,6,0,0,0,12,2,0,0,0,0,0,0,0,5,5,1,1,2,0,1,4,0,0,0,0,28,1,29,30,39,1,0,0,0,0,16,22,1,3,0,5,0,0,0,0,0,1,0,0,0,1,0,0,11,1,1,1,2,2,7,2,8,4,0,1,2,2,0,0,0,0,0,0,0,0,0,0,0,0,0,0,0,0,0,0,0,0,0,4,0,0,0,0,1,0,0,0,0,1,0,0,0,10,0,2,2,0,5,0,0,0,0,0,0,2,1,1,1,2,6,0,0,2,0,0,0,0,1,0,0,0,0,2,6,0,0,0,12,2,0,0,0,0,2,1,0,3,0,0,2,0,1,0,1,4,0,1,3,0,0,1,0,0,0,0,8,8,0,0,0,0,6,7,0,0,0,0,0,0,0,0,1,0,0,5,0,0,0,1,2,0,0,0,0,1,0,0,0,0,26,0,0,1,0,1,0,0,1,0,0,2
105,Fraudes fiscales,0,0,1,0,0,0,0,0,0,0,0,1,0,0,0,0,0,0,0,0,0,0,0,15,2,0,0,0,0,0,0,0,0,0,0,0,0,0,0,0,0,0,0,0,0,0,0,0,0,0,0,0,0,0,4,4,0,0,0,0,1,0,1,1,0,0,2,0,3,0,0,1,0,0,0,0,0,3,1,0,0,0,1,0,0,0,0,0,0,0,4,0,0,0,0,0,0,0,0,0,0,0,0,0,0,0,1,0,0,1,0,0,0,0,0,0,0,0,0,0,0,2,0,0,0,0,0,0,0,0,0,0,0,0,0,0,0,0,0,19,0,0,0,0,0,0,0,2,8,0,1,1,0,2,2,0,1,0,0,0,0,0,0,0,12,1,0,0,0,2,1,0,0,1,0,0,0,0,0,0,0,0,0,0,0,0,1,0,0,0,0,0,0,0,1,0,0,0,0,1,2,1,0,0,1,0,7,0,1,0,0,0,0,0,0,0,4,0,0,0,0,0,0,0,0,0,1,0,0,0,0,1,0,0,0,0,1,0,0,0,0,0,0,0,0,0,1,1,0,0,0,0,0,0,0,0,0,0,0,0,0,5,0,0,3,2,5,0,0,9,1,3,0,0,0,0,0,1,0,0,0,0,0,0,0,0,0,0,0,0,0,1,1,2,5,0,0,0,0,0,0,0,1,0,0,0,0,0,0,0,0,6,0,0,0,0,0,0,0,0,0,0,0,0,0,3,0,0,0,0,0,0,9,1,0,0,0,0,0,0,0,0,0,0,0,0,0,0,0,0,0,2,0,0,0,0,0,3,0,0,0,0,0,0,1,0,0,0,0,0,0,1,0,0,0,1,1,0,0,0,0,0,0,0,0,0,0,0,0,1,2,69,0,0,0,5,0,0,1,0,0,0,0,0,0,0,0,0,0,0,0,1,0,3,0,1,0,0,1,0,0,0,0,1,0,0,0,0,0,0,0,0,0,0,5,0,0,0,0,0,0,0,0,1,1,0,0,0,0,0,0,0,0,0,0,0,0,0,0,0,17,3,1,0,3,1,0,0,0,0,0,0,0,0,0,0,0,0,0,1,0,1,0,0,0,0,0,0,0,0,0,1,4,0,2,0,0,0,0,3,0,0,0,0,0,0,0,0,0,0,1,0,0,0,0,0,0,0,0,0,0,0,0,0,1,1,0,0,0,0,0,0,0,1,0,0,0,0,14,0,0,1,0,0,0,0,1,0,0,10,0,1,0,0,0,2,0,0,0,1,0,0,0,0,0,0,0,0,0,0,0,0,0,0,2,0,0,0,0,0,1,1,0,0,0,0,2,0,0,0,0,0,0,0,0,1,0,0,0,0,2,1,0,0,0,0,0,0,0,0,0,0,0,1,0,0,0,0,0,0,0,0,1,0,0,0,1,0,0,0,0,1,5,1,0,0,0,1,1,0,0,0,0,0,0,0,0,0,5,0,0,0,0,0,0,0,0,0,0,0,0,2,0,0,0,0,0,0,0,0,0,0,0,0,0,0,0,0
106,Autres délits économiques et financiers,1,0,1,0,0,0,1,2,2,2,0,0,1,0,0,0,0,5,0,0,0,0,0,8,109,8,2,9,0,0,0,0,0,3,0,0,0,2,0,0,1,3,2,0,2,1,0,2,0,0,0,0,0,1,23,1,0,0,0,1,2,1,5,3,3,102,100,21,7,0,7,1,0,0,2,1,6,0,6,1,1,0,4,0,0,1,0,0,0,0,9,6,0,1,2,0,1,0,2,0,0,0,23,1,3,0,14,1,2,0,1,2,4,10,1,0,0,1,0,0,0,11,0,0,0,0,0,1,1,0,0,0,9,1,2,2,0,0,1,12,58,0,1,0,0,1,0,2,85,0,2,1,0,4,85,2,4,0,0,1,0,0,0,0,6,8,0,3,0,7,7,0,0,1,13,3,5,1,1,1,2,0,2,0,0,2,3,4,0,3,4,1,0,0,14,0,1,1,0,9,9,0,1,0,1,2,1,7,0,1,0,0,2,1,1,0,4,4,2,1,1,0,3,0,0,0,1,9,0,0,0,1,0,1,1,0,0,1,1,8,0,0,2,0,0,0,4,1,0,0,1,2,1,1,0,0,0,2,0,0,0,28,0,2,6,1,6,2,1,51,8,6,0,0,0,4,1,7,3,2,0,0,0,0,0,1,1,0,0,0,0,4,0,3,7,0,0,1,0,0,0,0,4,6,0,0,0,0,0,0,0,9,2,0,1,0,0,0,1,0,0,0,0,1,1,11,6,0,0,0,1,0,9,33,0,0,1,1,0,5,1,0,2,3,0,3,0,0,0,0,0,20,3,4,0,2,0,388,1,0,0,0,0,0,2,4,0,0,0,0,1,3,0,0,0,5,7,8,1,3,0,3,0,0,1,6,4,3,0,22,21,4,1,5,0,19,12,0,10,3,1,0,1,0,199,312,18,29,97,64,460,200,267,39,168,18,204,229,248,316,21,170,173,127,0,0,0,60,0,0,0,0,0,4,11,4,2,2,0,0,1,8,5,2,2,58,0,1,2,3,6,1,0,2,6,2,0,3,1,0,16,18,15,0,7,15,0,3,0,0,2,30,2,0,0,0,0,11,0,3,1,5,0,0,0,0,1,4,0,12,0,1,7,0,8,0,6,5,0,1,2,0,1,10,0,0,5,5,4,0,3,3,2,1,1,0,3,4,1,2,4,2,1,2,4,38,2,2,0,2,1,1,0,7,0,0,4,4,26,1,0,21,7,67,1,2,0,0,1,3,8,1,2,3,3,1,2,8,0,2,1,5,2,2,0,8,3,2,0,3,1,1,3,1,0,6,0,1,0,5,3,1241,114,87,20,23,6,3,4,163,9,34,2,131,1,43,141,4,4,26,248,181,0,11,34,7,0,0,10,7,2,8,2,2,89,24,7,3,21,2,2,0,1,4,6,1,6,0,0,0,2,311,21,14,0,0,8,3,10,49,0,3,0,0,0,0,0,0,4,0,0,6,0,1,9,4,1,0,0,0,1,4,0,0,0,0,3,0,9,0,1,54,0,0,1,0,0,26
107,Autres délits,2,2,147,38,36,96,47,166,42,103,78,95,71,36,4,0,19,78,10,14,8,1,4,41,1092,184,124,246,178,75,21,15,27,96,22,82,43,323,5,2,102,107,35,51,32,46,3,20,0,15,2,47,10,0,103,333,85,155,83,31,169,107,172,187,108,654,654,895,93,5,462,53,41,17,45,49,197,90,150,50,62,68,152,67,0,101,21,28,2,2,34,417,55,19,129,34,0,38,87,1,0,1,363,41,218,0,215,41,72,112,71,280,206,94,343,60,41,164,0,2,0,26,114,1,1,0,2,141,3,0,0,3,388,91,29,9,0,1,21,26,1619,21,49,14,1,1,16,17,1182,65,21,7,2,26,965,72,177,84,0,7,1,1,20,2,39,436,35,118,98,8,317,12,12,10,437,68,84,29,50,57,76,88,196,51,9,17,512,104,95,115,51,0,3,17,1053,29,145,4,1,26,674,138,51,182,63,27,10,307,76,45,7,299,149,28,40,57,7,522,142,63,92,68,164,15,5,2,16,439,51,28,27,130,35,24,55,2,30,40,296,78,37,0,4,1,3,5,297,72,49,16,61,227,76,89,10,63,3,7,54,29,1,51,105,413,359,237,842,24,129,1719,445,287,2,5,5,176,125,190,82,55,37,8,0,0,396,4,321,27,10,41,181,174,47,295,742,41,32,132,21,1,1,2,13,360,9,2,76,5,0,7,1,7,6,266,123,55,41,23,91,1,2,0,6,35,37,6,278,7,2,0,6,0,35,889,46,41,8,4,1,356,102,42,47,21,31,14,0,34,4,0,0,67,79,232,1,2,7,2462,1,57,0,91,67,69,43,396,2,9,13,39,31,124,0,1,0,16,99,93,84,44,1,245,1,1,13,26,44,65,34,11,205,17,12,27,13,2,48,12,6,10,81,0,557,5,12,146,144,126,142,355,146,469,311,382,348,323,466,230,570,434,570,661,652,635,1,40,1,35,7,13,0,40,17,3,54,745,47,179,31,442,139,15,31,364,184,139,50,105,128,286,331,88,45,73,192,220,32,183,36,9,64,401,332,0,390,210,0,357,0,77,228,211,248,0,0,0,14,114,18,11,82,538,83,15,56,22,23,137,20,2,0,20,547,82,127,73,119,81,15,5,104,31,51,323,108,93,14,279,82,3,6,301,111,17,51,119,124,151,31,5,134,112,65,98,100,296,106,173,78,183,111,133,58,281,15,36,2,3,15,77,1,14,10,44,5,15,1,14,0,27,137,172,105,198,143,182,144,159,102,138,142,138,79,136,76,155,272,101,92,110,84,56,97,15,123,75,1,0,3,4,24,264,353,332,257,179,182,199,91,226,122,233,123,247,113,172,215,79,162,169,501,178,11,288,19,55,27,0,37,132,131,167,73,100,90,333,98,159,340,370,110,78,127,47,167,66,118,6,102,17,7,193,327,763,0,0,149,266,275,297,0,18,0,0,2,0,2,2,36,43,8,190,3,2,50,128,64,2,26,19,7,179,2,1,0,63,132,65,227,7,16,74,0,1,108,0,0,227
